FRAME 0 20 1738.24
18.981394 -21.617699 -24.781265
81.928240 -18.089106 17.237377
57.836470 -82.658293 55.301562
-63.846508 -3.163566 -45.632038
100.917745 -40.071832 -7.434379
76.716468 -104.397668 30.317505
-13.708785 107.912741 10.896726
44.948996 25.308526 70.257521
38.885495 -61.162270 79.748218
24.254004 64.325836 -37.962788
5.272609 86.470795 -13.708785
-21.090438 39.619894 -108.917047
43.235398 43.235398 -62.744053
62.216792 21.090438 -87.525317
32.690179 -129.706193 -35.853744
95.434232 -126.015367 5.799870
26.363047 46.398963 95.434232
2.109044 -17.926872 133.397020
119.688235 -61.689531 -31.108396
7.381653 68.543923 120.215496
FRAME 1 33 1547.41
31.317697 20.318876 4.399529
61.088049 26.575531 85.612449
75.358592 -43.462010 -6.732612
32.480895 35.711799 -72.592222
-30.022709 -5.906775 -81.350543
1.438307 14.679196 -76.822538
13.917740 -69.842517 -93.024648
74.264043 -58.733707 70.172481
44.316085 -64.526420 -11.594591
45.507624 -49.219726 -88.219714
12.863839 -85.073494 -16.115665
109.557827 -20.594895 -4.415469
-17.215547 -90.907651 -97.124376
-76.641788 28.946899 83.791022
92.861479 46.980681 90.818841
63.966831 56.499210 -68.192694
18.392474 105.894210 20.347820
48.588912 111.476291 101.836148
136.729100 -17.254401 79.466486
105.588687 -37.909272 74.498685
124.066707 67.752741 94.589865
42.895404 -79.662893 65.442988
-95.139806 -76.991751 63.793165
-138.035210 2.199764 -2.199764
11.591066 -100.089276 61.339582
107.788451 -8.122207 -79.106909
59.943577 11.640419 -119.612184
-49.861324 -126.486448 -24.747348
139.485055 12.698639 -75.091954
28.596936 -9.239010 -123.736742
-2.199764 -30.063446 -127.219703
-19.797879 -120.620410 56.827245
16.026854 75.891869 -107.945577
FRAME 2 4 1494.10
24.743390 -22.591791 -17.750693
10.757996 -39.804584 66.699573
35.501386 -62.396375 48.948880
47.335181 88.215564 -46.797281
FRAME 3 17 1525.68
16.466640 -77.093812 3.207787
32.933279 -74.741435 -30.901681
16.466640 2.352377 -34.109468
49.399919 -72.419609 -65.026424
85.861763 17.642828 1.176189
69.395124 15.290451 34.697562
102.328403 -58.809427 4.116660
18.819017 88.214140 99.387932
118.795042 -56.457050 -29.992808
0.000000 79.980821 -36.461845
102.328403 19.995205 -32.933279
52.928484 92.918895 31.757091
49.399919 149.375945 -28.228525
84.685575 -61.161804 37.049939
35.285656 90.566518 65.278464
68.218935 -63.514181 71.159407
69.395124 95.271272 -1.764283
FRAME 4 6 1535.01
12.182738 12.885588 33.268245
7.028503 -73.799277 26.356885
19.914091 -60.913689 58.570855
62.085106 -15.228422 -59.742272
86.684865 10.542754 7.028503
55.056603 58.570855 -86.099156
FRAME 5 2 1523.46
14.174371 34.254731 6.496587
63.784671 -18.899162 -42.523114
FRAME 6 13 1525.51
31.655945 17.668434 10.490633
22.085543 -64.048074 40.306115
37.545423 -27.606928 -62.943797
53.005302 -46.379640 50.796748
6.625663 -45.275363 -73.986568
9.938494 81.716508 -29.815483
25.398374 62.943797 85.029339
85.029339 -28.711206 61.839520
69.569460 -9.938494 -52.453164
59.630965 -91.655002 -22.637681
102.697774 96.072111 41.410393
3.312831 126.991871 44.171085
65.152351 123.679039 104.906328
FRAME 7 15 1517.02
-12.670800 77.834914 -1.481003
36.476545 5.759455 -9.023145
72.569127 10.750982 -17.086382
85.239927 -66.809673 -16.126473
18.430254 4.607564 76.600745
54.138873 10.367018 67.385618
59.898327 88.695600 -19.006200
24.189709 82.936145 -9.215127
18.430254 1.151891 -85.239927
48.379418 -72.569127 -8.063236
5.759455 78.328582 -86.391818
5.759455 82.936145 75.448854
31.101054 -77.176691 -83.512091
66.809673 -71.417236 -92.727218
90.999382 11.518909 -101.942345
FRAME 8 5 1513.45
16.480477 32.960955 -7.725224
49.441432 -36.051044 -48.411402
65.921909 -3.090089 -56.651641
82.402387 29.870865 -64.376864
32.960955 -69.011999 -40.686178
FRAME 9 22 1509.96
23.157894 26.429860 15.184463
-35.078678 79.314441 9.204044
23.417803 19.784853 -72.904482
-22.372804 -32.864878 -102.606308
-0.508267 6.480398 87.231245
-57.819555 52.923254 -5.688350
81.004980 -26.538774 20.907000
46.442855 46.027445 -58.406668
103.852539 -0.249246 34.894453
-81.503472 33.482058 67.794937
-104.517195 6.812727 52.840172
35.642191 -85.823738 -96.873648
12.330758 -105.846507 -23.761461
58.683608 -59.403652 -81.545013
69.517001 72.364449 -43.693595
45.362789 59.109088 116.745359
126.858708 25.921594 49.388491
12.720782 -112.326906 -111.606861
68.198478 85.325246 131.305215
-34.562125 72.724471 -77.944792
127.447835 19.441195 -38.342357
10.800664 131.768101 38.342357
FRAME 10 24 1515.53
27.769935 16.217642 68.314039
-14.070100 -7.775582 -34.434719
42.210301 -65.043358 39.741862
0.000000 89.280340 61.788104
95.528575 -49.708183 -26.103739
27.769935 -73.312627 6.109386
67.758640 23.326745 -32.768523
14.440366 -81.088209 -28.325333
82.013873 -57.761464 -60.908723
67.758640 -65.722179 -94.417778
131.074091 -35.915782 18.698423
109.968941 -131.074091 -53.873673
53.318274 15.551163 -66.647843
63.315451 -59.983059 52.762876
35.545516 13.329569 45.542693
67.758640 28.880732 -49.985882
44.431895 -66.647843 69.980235
77.755817 -51.096680 84.420601
111.079738 101.082562 -58.872261
138.849673 117.744523 8.886379
95.528575 39.988706 34.990118
109.968941 -41.099503 7.220183
25.548340 88.863791 -72.757229
42.210301 129.963294 -21.660549
FRAME 11 0 1550.23
FRAME 12 46 1518.97
-68.465393 -39.004656 0.127536
-18.612813 33.209176 0.808188
49.617840 71.977706 0.661245
87.269487 6.183008 0.104797
18.575223 -34.347132 78.440362
-68.157181 -37.766750 -79.449654
19.179082 -31.791114 -79.244229
87.249493 5.039896 79.126367
106.384272 -26.519949 0.365372
-0.469402 -1.564674 78.264973
-37.806195 64.678084 79.986114
30.929330 105.146065 1.331395
37.449751 -66.979409 78.313335
49.146397 70.586337 79.563652
106.460391 -25.347712 -78.577907
-87.435979 -7.413524 78.895890
117.780552 109.858256 79.877091
69.070088 40.206716 -78.082607
56.833261 -97.428447 -79.597643
136.797176 77.089232 79.986114
-12.045579 -137.787563 -1.343212
105.581670 -27.758561 78.544111
31.183319 106.212546 -77.372483
-30.839716 -103.456218 -80.079994
132.418326 -45.438121 -1.126565
56.034363 -99.872435 77.781965
-50.105319 -73.226724 77.464754
124.726837 -59.386068 0.000000
118.401980 111.079307 1.689847
11.795798 136.314363 80.251188
-124.447878 60.834509 -78.559131
12.392215 139.093223 -76.906836
99.137718 142.623127 81.337992
0.563282 2.253130 130.118255
49.086046 69.847029 -128.991690
19.584899 -30.417255 130.334903
80.679384 -111.529933 2.166471
86.745504 3.986307 -129.814949
-132.934668 44.369329 79.639478
137.440928 79.466161 -76.866395
118.809276 112.656498 -76.346442
6.759390 117.726041 -1.689847
67.593899 36.707242 -130.024375
143.730916 -92.378329 0.000000
125.458373 -58.581379 -78.654719
74.865364 -132.934668 77.425739
FRAME 13 37 1573.25
9.609180 -11.531015 77.422533
-21.506259 8.968568 83.828652
-44.526692 -64.793325 -4.692275
75.276067 43.927678 -1.896877
-53.811406 -53.312227 -82.064889
84.560780 32.546416 75.575573
30.749375 -20.536189 -6.918609
13.590125 85.658972 11.393741
40.633102 -32.396663 70.833381
35.142142 76.461615 -72.480669
65.891517 55.733242 -79.618916
-71.382477 53.026983 -63.852018
23.062031 74.049514 88.639779
115.310155 12.080111 69.186093
52.347150 -29.651183 -90.966900
4.392768 97.189988 -65.891517
96.640892 35.142142 -86.208068
106.524619 23.062031 -8.785536
135.077610 8.785536 -62.596941
17.571071 -106.524619 -18.120167
137.273994 2.196384 -15.923783
85.658972 -95.542700 62.047845
54.909598 -74.677053 69.186093
12.080111 2.196384 119.702923
18.669263 -23.062031 -126.292074
7.687344 -94.444508 -95.542700
102.131852 -73.578861 57.105981
127.390266 14.276495 -93.346316
64.793325 -86.757164 -135.077610
116.408347 -116.408347 54.909598
10.981920 130.684842 131.783034
83.462588 -50.516830 -97.189988
49.418638 -43.927678 -133.430322
130.684842 -87.855356 3.843672
119.702923 108.721003 2.745480
108.721003 -21.963839 -130.135746
19.767455 129.586650 -138.921282
FRAME 14 11 1544.46
-9.743200 33.744740 14.495980
76.202910 20.595381 3.604192
4.119076 -29.863303 72.083834
72.083834 50.458684 -67.964758
85.470832 -13.386998 -10.812575
56.637298 87.530370 32.437725
14.416767 -63.845681 58.696836
42.220531 88.560139 4.633961
95.768522 -46.339607 -25.229342
81.351755 16.476305 -82.896409
85.470832 127.691363 -58.181952
FRAME 15 0 1523.66
FRAME 16 21 1524.87
18.571622 -32.711380 -6.858838
67.005569 32.711380 25.324940
85.471671 0.586225 18.759214
70.171187 -24.269734 92.330509
-15.828087 -24.721965 73.562920
104.163888 -31.656174 12.511726
48.539467 65.422761 32.183777
33.766586 -7.386441 -80.723245
3.165617 -56.981114 67.005569
52.760291 -40.097821 -86.526877
51.705085 8.441647 99.189347
21.631719 -89.692494 60.674334
82.306054 58.036320 -48.011865
101.299758 25.324940 -54.343099
14.772881 72.809201 112.379419
11.607264 129.790315 44.846247
34.821792 -58.036320 -87.582083
32.711380 40.097821 105.520582
45.373850 122.403875 -34.821792
64.367555 89.692494 -41.680630
122.403875 -64.367555 5.803632
FRAME 17 13 1511.71
5.135525 28.530693 23.965782
75.321030 -20.542099 7.988594
19.172626 46.790337 -60.028578
13.694733 18.259644 -84.450851
70.756119 -49.072792 -15.977188
23.965782 75.321030 -35.948673
81.027168 7.988594 32.524990
57.061386 -67.332435 69.044277
61.626297 -38.801742 91.868831
51.355247 -95.863128 43.937267
65.049980 -77.603485 -39.942970
9.129822 -10.271049 -108.416633
31.954376 -143.794693 105.563564
FRAME 18 3 1517.88
18.573596 -27.860394 -18.573596
61.525037 8.125948 49.336114
49.916539 25.538694 -66.748860
FRAME 19 12 1516.69
6.927884 34.985813 -11.892867
13.278444 70.433485 -24.824917
71.588132 -1.154647 34.062095
24.247593 -64.660249 -52.536452
36.948713 5.773236 -77.361369
64.660249 -35.794066 46.185892
43.876597 40.412655 -88.907842
57.732365 -71.588132 58.887012
31.175477 -30.020830 -64.082925
95.835726 -65.814896 -17.897033
108.536846 4.618589 -42.721950
101.608962 -31.175477 -30.598153
FRAME 20 20 1516.39
4.083507 22.694399 -29.698232
69.628211 -56.971992 62.330932
81.863542 10.917767 -26.447009
73.726850 -34.437080 32.691813
77.782369 -11.706053 3.337676
8.078144 62.448407 48.130259
3.952693 39.830986 78.547109
12.269446 85.134931 18.341570
86.199118 33.490579 -57.215682
-65.380966 79.680974 -92.052144
16.453963 107.482850 -11.951635
-65.488408 96.840984 15.717218
69.704225 -74.493065 -46.292119
-73.719111 51.371191 76.427949
90.030189 73.428878 20.751639
90.455864 56.082636 -87.263304
61.456778 -119.188903 14.366520
0.000000 17.026986 107.482850
86.199118 50.776905 50.928932
-94.104504 -95.776797 9.273626
FRAME 21 15 1531.13
26.143074 48.800405 -51.124234
-13.168363 -24.400203 25.949422
-39.505090 -71.573927 -32.301221
95.276981 9.295315 56.933806
108.058040 33.695518 31.371689
121.303864 58.095720 5.577189
82.495923 -13.942973 -25.562117
95.276981 10.457230 -51.124234
55.771892 -60.419549 -83.657837
82.495923 -15.104887 82.495923
134.782071 82.495923 -19.752545
55.771892 -62.743378 24.981160
-0.000000 2.323829 -108.638997
52.286148 96.438896 6.390529
42.990833 -84.819752 -57.514763
FRAME 22 15 1547.71
-6.675504 -35.945024 -9.756507
22.594015 15.861455 -73.715827
67.782045 -54.431037 7.702505
26.702018 -119.132080 39.539527
74.971050 -18.486012 18.486012
81.133054 17.459012 27.729019
9.243006 -56.279638 -93.046262
103.727070 32.864022 -46.215031
90.376061 -39.026026 -65.728044
28.756019 51.350034 -64.187543
15.405010 -20.540014 -83.700556
61.620041 -90.376061 -1.540501
94.484063 89.349060 47.755532
88.322059 53.404036 37.999026
96.538065 -3.081002 -56.485038
FRAME 23 16 1524.57
-67.088873 -13.761820 54.617223
5.160683 12.901706 35.479692
39.995289 95.472626 -38.705119
30.964095 69.669214 -109.664503
72.249555 27.093583 -21.287815
36.124778 -56.122422 55.477337
103.213650 -42.575631 1.935256
45.155972 108.374333 -3.225427
76.120067 39.995289 14.191877
27.093583 -81.925835 -15.482048
61.928190 1.290171 -91.602114
36.124778 82.570920 -74.829896
94.182456 -68.379043 -69.669214
21.932901 -95.472626 -48.381398
41.285460 -43.865801 93.537370
108.374333 -29.673924 36.769863
FRAME 24 12 1526.44
31.363119 6.272624 20.095628
-32.971484 70.044298 -41.093727
-64.294393 63.771675 -61.158081
95.705032 -57.499051 80.878830
1.568156 -76.316922 20.908746
-12.545247 22.302662 83.983462
43.908366 -16.204278 -63.771675
18.817871 28.226807 104.543729
75.271485 -10.454373 -43.385648
45.999241 -91.998481 -42.340210
50.180990 34.499431 124.929756
127.543349 -51.226427 102.975573
FRAME 25 13 1545.43
25.021560 11.739974 -25.733074
22.412677 58.166233 48.560800
47.493530 70.439842 22.412677
80.045275 -35.219921 5.336352
55.498058 -46.959895 30.417205
29.883569 -58.699869 58.166233
72.574383 82.179816 -3.735446
27.749029 -34.152651 -100.857047
7.470892 -117.399737 9.071798
2.134541 -45.892625 -73.641653
30.950840 21.345407 35.753556
57.632598 -92.852519 -42.157178
102.457952 23.479947 53.897152
FRAME 26 18 1507.83
8.573403 26.019280 -26.617425
78.955058 -7.676186 -36.736034
21.931961 20.835362 82.793151
62.506087 -59.216293 17.545568
30.704745 47.153715 56.474798
47.153715 98.693822 2.741495
87.727842 18.642166 -63.054386
100.887018 13.159176 46.605416
38.380931 72.375470 29.608147
40.574127 -80.051656 -65.795882
31.801343 -106.370008 -39.477529
57.023097 -28.511549 -119.529185
126.108773 -111.852999 72.375470
71.278872 -33.994539 -8.224485
53.733303 -85.534646 43.315622
109.659803 39.477529 19.190465
95.404028 122.818979 14.804073
104.176812 -132.688361 -11.514279
FRAME 27 11 1515.47
11.138325 -74.069860 -44.553299
23.390482 4.455330 28.959644
45.667132 8.910660 59.033121
33.414974 -69.057613 -15.593655
56.805456 -64.602284 13.365990
12.252157 77.968273 74.626776
75.740608 41.211802 -17.264403
52.350126 36.756472 -46.780964
30.073477 32.301142 -76.297525
86.878933 -33.414974 -61.817702
18.935152 105.814085 -30.630393
FRAME 28 32 1510.49
22.963079 29.981134 0.786022
46.038446 60.018413 1.403611
16.636031 37.392201 -77.505249
62.067685 -47.498201 -9.516484
84.890403 -17.601284 -8.674317
-38.908101 77.816202 10.106000
39.581835 67.120685 -76.300302
-16.001167 107.544687 11.032384
6.522964 -7.074200 77.632457
-29.307401 -22.784437 -79.010548
32.339201 -70.337762 -88.225383
78.826802 -10.442867 -86.911603
68.287688 -54.572402 68.432059
52.551202 52.551202 79.332103
108.134203 12.127200 -7.579500
55.583002 -40.424001 -87.416903
7.074200 -121.272004 11.621900
75.626569 82.869203 80.005836
62.657202 97.017603 -75.289702
45.477001 -84.890403 67.710202
9.095400 -100.049403 -88.932803
127.335604 -42.445201 7.074200
102.070603 19.201401 -85.901003
22.233201 -114.804164 67.103842
13.339920 -128.346204 90.145523
30.318001 -90.954003 11.621900
1.010600 -114.197804 -66.194302
114.197804 5.053000 70.236702
124.303804 49.519402 -84.385103
85.901003 127.335604 -75.289702
121.272004 -35.371001 -70.742002
115.208404 -109.144803 4.042400
FRAME 29 7 1514.14
61.280975 -30.039694 -33.644457
75.700028 15.620641 40.253189
45.059540 30.039694 57.976609
9.612702 66.087326 -43.857953
14.419053 45.660334 73.897646
66.087326 -50.466685 84.711936
136.981003 -14.419053 6.608733
FRAME 30 25 1505.35
-54.866455 52.749944 44.012557
30.933609 -7.597729 81.404235
-15.701972 -31.476304 -14.399505
15.701972 -39.074033 66.498215
-70.466846 21.290338 29.222033
-15.445932 -101.776167 37.153728
0.000000 70.188541 -51.556016
85.926693 9.949407 -14.833661
46.219516 23.878576 95.966548
39.254931 -84.208159 -58.701499
85.745794 -60.239134 37.445948
-54.902634 -17.366237 96.147447
101.375408 41.244813 0.108539
101.158330 -28.871369 51.990172
-70.550337 91.606899 -22.250491
39.556428 -14.110067 -110.950958
116.815078 72.721117 14.517089
70.550337 48.842541 -81.404235
54.889713 -122.649048 8.373007
85.745794 80.318845 -66.751473
61.867219 55.354880 110.167065
23.878576 -45.586372 -125.905217
23.878576 -115.051319 -72.721117
117.222099 2.170780 66.751473
77.062676 86.831184 125.362522
FRAME 31 0 1516.72
FRAME 32 0 1533.19
FRAME 33 12 1516.72
-10.417845 13.766438 -77.203672
37.764688 5.208922 -4.557807
9.115614 -76.831606 -14.975652
1.302231 63.548854 91.937481
46.880302 -71.622683 -18.882344
84.644989 -2.604461 69.669337
36.462457 -58.600377 -95.713950
75.529375 74.227145 83.993874
28.649073 82.040528 10.417845
123.711908 100.271757 -18.231228
85.947220 59.902608 161.476595
19.533459 -91.156142 63.158184
FRAME 34 12 1503.87
64.145574 -51.809887 29.605650
54.277025 -22.204237 102.386205
11.102119 33.614748 -13.260864
22.204237 67.846281 -25.288159
75.247693 -18.503531 16.653178
76.481262 45.642043 77.098046
-9.457360 29.605650 71.958176
12.335687 97.451930 46.875612
53.043456 -86.349812 41.941337
41.941337 -119.656168 55.510593
1.233569 64.145574 59.828084
118.422599 -74.014124 131.991855
FRAME 35 7 1505.70
2.244763 37.038588 8.979052
66.220506 4.489526 -42.089305
63.975743 -32.549062 -50.507166
39.283351 -53.874310 57.241455
37.038588 -90.912899 48.262403
26.937155 58.363836 -98.769569
69.587651 41.528114 -34.232635
FRAME 36 20 1508.24
-32.083261 -14.618272 14.156643
19.388445 26.431257 71.836676
37.699755 -68.290413 15.403043
5.385679 -82.580415 29.082668
71.090966 67.261150 129.615348
12.252420 -11.848494 -85.497658
57.088200 -41.604372 86.844078
14.002766 109.194647 42.277582
-44.162570 -2.923654 99.712005
51.702521 40.931162 57.626768
18.311310 -94.787955 -57.088200
49.548249 -79.708053 -71.090966
89.402276 -26.928396 72.168102
-7.539951 -37.915182 118.269517
70.013830 -53.856793 0.538568
101.250770 -38.776891 -13.464198
39.315459 52.779657 -132.487710
105.559314 -35.545483 67.859559
46.316842 123.870623 28.005532
33.391211 135.719118 114.176400
FRAME 37 0 1522.60
FRAME 38 1 1513.05
21.857788 25.674228 -16.827028
FRAME 39 0 1519.89
FRAME 40 0 1550.65
FRAME 41 14 1543.01
-22.890598 42.587159 62.283720
13.840827 -26.616974 23.955277
-37.263764 69.026687 38.683336
8.517432 -15.970185 -85.706657
5.323395 -10.114450 108.597255
97.950466 -14.905506 46.313535
111.791292 -41.522480 70.801152
43.651838 132.020193 -2.661697
69.204133 37.263764 1.064679
29.811011 -113.920650 -26.616974
51.104591 -94.756429 -16.502524
92.627071 -5.323395 -61.219041
106.467897 -30.875690 -39.925462
120.308724 -57.492665 -15.437845
FRAME 42 18 1552.30
17.935259 32.612329 6.546826
69.200257 -35.614734 -12.423745
4.584953 -18.389114 76.958195
12.837869 50.989118 -69.572969
51.144415 -68.123533 -18.739148
22.489278 14.206782 83.630206
64.493850 -17.234901 -89.036836
56.251954 -86.621108 57.287267
-87.409917 3.105936 5.694216
33.607822 -100.584547 -26.121719
-82.267488 -15.529681 82.028570
-105.170449 -29.678945 -0.862760
30.627981 83.860276 -63.154035
74.024811 -53.836226 64.189347
40.847766 46.589042 89.883909
-46.358973 49.694978 95.708847
38.306546 -119.060885 50.212634
49.004770 115.954949 -56.424506
FRAME 43 12 1543.98
-8.915111 -25.863620 25.863620
28.802668 47.024764 57.017526
50.887512 -54.078478 -90.354724
19.985525 21.161144 82.881146
70.537145 -32.917335 -8.229334
79.942098 -7.053715 -34.092954
37.619811 72.888384 30.566096
42.322287 -79.942098 -64.659050
59.956574 -28.214858 -116.386290
62.307812 -58.780954 17.634286
88.171432 18.809905 -59.956574
32.917335 -105.805718 -38.207620
FRAME 44 13 1562.18
-54.870992 -7.992413 67.320713
36.580661 7.531313 6.993362
72.085421 13.986723 17.752380
13.986723 -77.464930 2.689755
50.567385 -69.933617 10.221067
58.098697 91.451653 14.524674
68.857715 -69.933617 -63.478206
105.438377 -62.402305 -57.022796
18.290331 1.075902 -75.851077
17.214429 6.455411 84.458292
86.072144 -63.478206 20.980085
91.451653 15.062625 -59.712550
3.227705 83.920341 81.230586
FRAME 45 5 1529.88
16.480477 32.960955 -7.725224
49.441432 -36.051044 -48.411402
65.921909 -3.090089 -56.651641
82.402387 29.870865 -64.376864
32.960955 -69.011999 -40.686178
FRAME 46 7 1517.93
5.905232 37.096971 -3.255448
30.340023 -12.718962 -72.339094
71.619867 -8.479308 34.068647
36.037058 24.378010 -75.253856
77.373683 28.617664 30.737490
24.378010 -49.815933 -68.894375
65.714635 -45.576279 37.626928
FRAME 47 25 1531.27
27.325407 8.385575 25.590460
37.735085 -68.385806 39.325453
-24.722987 12.268550 81.604446
108.000417 12.578362 -10.192810
10.409679 -76.771381 14.313308
14.313308 64.279766 -96.029286
70.265331 80.675010 -49.445974
52.048394 -3.903630 -56.602628
16.915728 84.578640 11.060284
80.675010 3.903630 -35.783271
2.602420 20.819357 107.349812
97.590738 89.458177 -23.747080
13.012098 -55.952023 121.663120
62.458072 -80.675010 -42.939925
42.939925 72.867751 -74.168961
35.132666 -88.482269 -67.662912
135.325823 20.819357 15.614518
45.542344 93.687109 33.180851
65.060492 -59.855653 64.409887
118.410095 -63.759282 4.554234
72.867751 101.494368 57.903838
145.735502 -55.952023 29.277221
94.988318 68.964122 -130.771589
59.855653 157.446391 -63.108677
23.421777 -132.723404 134.675218
FRAME 48 4 1525.49
45.995890 39.577859 43.856547
70.598343 -42.786875 28.881140
22.463109 20.323765 22.997945
24.602453 -82.364734 -15.510242
FRAME 49 14 1517.97
-9.699507 -34.548719 -11.916537
72.484568 -26.419609 17.443716
14.225943 -14.395300 -84.339521
82.307243 8.129110 29.468025
91.858948 42.677830 41.458463
96.533186 -6.096833 -54.871495
63.000606 -60.968328 4.572625
101.613880 77.226549 54.363426
23.879262 19.814707 -72.653924
33.532581 53.855357 -59.952189
77.226549 -75.194271 -79.258827
5.080694 -48.774663 -97.041256
87.387937 -40.645552 -67.573230
5.080694 83.323382 109.234921
FRAME 50 24 1527.70
-19.829597 -18.218442 26.398150
93.694844 -47.095292 37.800168
39.659193 -66.460132 -15.646791
59.488790 -48.334642 -42.137893
153.148224 7.436099 -40.544443
34.701794 1.239350 79.938061
19.829597 -84.275785 10.534473
79.318386 -29.744395 -67.544563
113.813622 -28.505045 12.186940
54.531391 19.829597 54.531391
74.360987 37.180494 27.265695
0.000000 102.866032 -37.180494
94.190584 55.770740 1.239350
99.147983 -12.393498 -94.190584
118.977579 6.196749 -120.216929
14.872197 85.515135 68.783913
24.786996 -49.573991 -122.075954
133.230102 -11.154148 -14.252523
54.531391 -83.036436 91.092209
4.957399 34.701794 -133.230102
14.872197 -17.350897 105.344732
34.701794 104.105382 43.377243
4.957399 -68.164238 -96.669283
138.807176 -78.079037 -109.682456
FRAME 51 9 1239.59
21.480693 7.160231 31.027668
23.469646 42.961386 -72.596786
47.734873 -59.668591 -20.287321
69.215566 -52.508360 10.740346
26.254180 -66.828822 -51.314989
2.386744 35.801155 -103.226663
23.867437 -102.629977 51.911674
45.348129 -95.469746 82.939342
44.154758 50.121617 -42.364700
FRAME 52 0 1163.66
FRAME 53 7 1123.44
30.759525 10.486202 18.700393
61.868590 20.797633 38.099866
40.896187 -58.932454 -32.716949
20.972404 79.695133 70.781862
71.306172 -48.236528 -14.680682
102.764777 -37.750326 4.718791
61.868590 -11.534822 -91.754265
FRAME 54 18 1137.76
17.484200 74.717634 -18.167176
45.896024 -24.509101 -54.794233
22.948012 -12.020387 -26.772681
63.380223 50.267074 -72.668704
60.101936 -1.092762 50.267074
40.432211 62.287461 -45.896024
37.153924 10.927625 77.039754
83.049948 -13.113150 23.494393
19.942915 -63.380223 96.163098
5.463812 -87.420998 -9.834862
24.040774 72.122323 76.493373
66.658511 -88.513760 41.524974
3.278287 51.359836 -123.482159
86.328235 38.246687 -99.441385
26.226299 128.945972 87.420998
1.092762 84.142710 103.266054
89.606523 -100.534147 13.659531
3.278287 -138.780834 114.193678
FRAME 55 2 1109.14
39.714508 77.092868 -10.512664
60.739836 37.378360 -86.437458
FRAME 56 10 1124.91
37.355174 -2.767050 3.144375
69.050472 0.000000 83.766147
6.791850 -5.659875 -77.540284
44.147023 75.842322 -2.829937
81.502197 72.446397 0.565987
37.355174 81.502197 75.276334
106.405646 -2.263950 87.162072
31.695299 3.395925 80.936209
44.147023 -9.055800 -75.276334
113.197495 75.842322 80.936209
FRAME 57 6 1124.04
36.701314 -63.393179 17.794576
53.383729 5.560805 69.510064
18.906737 -32.252670 10.009449
35.589153 37.813475 60.612776
16.682415 68.953984 50.603327
77.851272 -11.121610 -38.369555
FRAME 58 17 1141.15
-8.644745 25.260620 26.158775
17.850838 -50.633509 -52.766628
-67.217306 -44.458691 -33.696865
85.212490 -6.174818 -19.141936
8.644745 -55.573363 54.338400
76.567745 49.398545 -74.097818
76.567745 19.759418 8.027264
17.289491 -80.272636 29.021645
-0.000000 29.639127 -82.125081
93.857236 -30.874091 -45.076172
9.879709 4.939855 -108.059317
62.983145 104.971908 -32.109054
49.398545 95.092199 86.447454
-103.325290 56.808327 72.039545
22.229345 -61.748181 29.021645
67.922999 74.097818 -48.781063
95.092199 -1.234964 -127.818735
FRAME 59 9 1127.66
25.052711 -70.801141 -12.526356
67.533396 28.320456 -28.320456
31.588201 -1.089248 71.890389
23.963463 65.354899 -94.764604
11.981732 -35.945195 -5.990866
55.551664 64.265651 -22.329591
49.016174 -5.446242 -107.290960
43.569933 -37.034443 66.444148
92.586107 -42.480685 -40.846812
