FRAME 0 11 1209.37
28.953177 -70.494692 -20.141340
125.883378 -42.800348 20.141340
124.624544 -52.871019 2.517668
22.659008 132.177547 -125.883378
31.470844 17.623673 -13.217755
2.517668 -31.470844 72.382942
71.753525 13.217755 56.018103
49.094517 -46.576850 68.606441
96.930201 27.694343 39.653264
32.729678 103.224370 -8.182420
49.094517 -33.988512 139.101133
FRAME 1 5 1147.65
103.321877 61.272276 23.427635
87.703453 -43.251018 -55.265190
122.544551 15.618423 -25.229761
19.222675 -133.357306 70.883613
40.848184 100.919042 127.350220
FRAME 2 4 1170.93
107.632304 12.419112 10.866723
34.152558 -86.933784 107.632304
86.933784 -72.444820 -90.038562
73.479746 116.946638 -44.501818
FRAME 3 8 1201.69
1.052434 2.104867 9.471903
25.258408 12.629204 24.205974
134.711510 9.471903 -29.468143
134.711510 -9.471903 29.468143
37.887612 122.082306 91.561729
0.000000 0.000000 11.050554
13.681638 -62.093586 -24.732191
31.573010 48.411949 -63.672237
FRAME 4 10 1198.53
-54.699810 27.459744 -62.827894
32.951693 18.672626 2.745974
21.967795 -46.132370 59.862242
0.000000 69.198554 53.271903
10.983898 64.804995 -57.665462
42.837200 84.576011 -57.665462
121.921263 -54.919488 -6.041144
32.951693 19.771016 -0.549195
54.919488 -96.658298 8.787118
79.084062 37.345252 -132.905160
FRAME 5 20 1156.25
-24.008482 19.720175 22.740110
30.219482 24.949136 78.800167
26.027007 67.339716 -30.617308
-54.484877 -5.238931 -56.380871
78.633852 -14.269849 33.828523
50.792679 47.799004 -52.638778
-80.829214 -72.846081 -25.496128
6.175048 44.372910 99.893694
20.273829 22.623626 -130.441054
2.053556 86.792928 -9.241001
27.988085 -61.714047 87.789507
-3.889005 42.205268 -109.210912
-56.549958 -92.188545 -46.859323
74.592392 28.077341 -74.898412
104.811873 53.094482 2.601171
21.899561 -106.246342 -11.667015
-52.162512 81.373518 -66.976665
102.822743 -33.509197 12.967600
44.755435 2.805184 141.279265
32.705895 111.314800 67.133152
FRAME 6 12 1173.30
44.133904 43.582231 -61.235792
35.307124 -12.136824 -7.723433
1.103348 118.058194 7.171759
40.823862 125.781628 -42.478883
18.756909 59.580771 124.126606
34.203776 15.446867 66.200857
25.928669 33.100428 94.060384
59.580771 -97.094590 81.647723
79.441028 31.997081 -68.959226
39.720514 -111.438109 -43.582231
33.100428 -130.195018 -13.791845
105.921371 139.021799 -9.378455
FRAME 7 11 1169.59
33.563952 106.202355 -13.024817
97.686128 -35.066815 -43.082087
1.001909 2.003818 -11.521954
98.187083 -1.001909 62.619313
94.179447 -91.173720 122.733854
2.003818 1.001909 -10.019090
88.167993 -0.000000 -64.122177
74.141267 127.242444 -85.162266
89.169902 4.007636 -86.665129
119.227172 20.038180 -83.659402
110.209991 97.185174 81.655584
FRAME 8 7 1210.98
0.610352 1.953125 8.422852
84.960937 -116.210937 51.757812
1.953125 0.976563 11.230469
3.906250 97.656250 90.332031
57.617188 3.906250 -52.734375
75.195312 43.945312 -15.625000
108.398438 11.718750 83.496094
FRAME 9 11 1234.04
36.332021 -129.956844 -110.393448
0.000000 0.000000 10.480391
4.192156 1.397385 -10.480391
48.908490 -19.563396 57.991495
34.934635 -79.650969 -70.567964
23.755552 -107.598677 21.659474
0.000000 0.000000 168.384943
41.921563 13.973854 -54.498031
44.716333 39.126792 -102.009136
29.345094 57.292802 -134.149000
72.664042 129.956844 -60.087573
FRAME 10 26 1198.48
40.051106 41.420933 -96.279207
45.273329 73.851662 -14.653686
-24.256173 71.263573 -44.174563
-80.082142 -75.220012 0.381344
-19.257848 104.106785 36.322972
-4.957466 -32.674207 -81.572849
-64.447057 30.020210 52.191100
69.249602 2.478733 30.054637
29.036586 -38.420361 126.238329
74.361989 35.056366 111.720036
34.702262 1.239366 15.492081
29.744796 -30.984162 -66.306107
99.149319 -28.505429 -37.800678
88.821265 -101.628052 -7.642760
39.659728 33.462895 95.431219
11.154298 72.502939 -30.984162
133.851581 -27.266063 -21.688914
13.633031 -143.766512 74.981672
3.718099 -3.718099 -16.111764
1.239366 -3.718099 21.069230
6.196832 39.659728 -111.542984
14.872398 105.346151 53.292759
109.064251 43.377827 -66.925790
49.574659 106.585518 66.925790
94.191853 -68.165157 74.361989
126.415382 128.894115 28.505429
FRAME 11 6 1197.13
4.629985 4.629985 -23.921589
29.323238 3.086657 -22.378261
60.189805 32.409895 -90.284707
13.889955 43.213193 -133.497901
0.000000 0.000000 10.803298
13.889955 -177.482758 -89.513043
FRAME 12 17 1235.00
33.409963 16.128948 -4.032237
35.714099 -67.971994 17.857049
67.971994 53.859165 66.531909
35.714099 -46.082708 95.045585
1.152068 -104.838160 -52.419080
3.456203 13.824812 43.778572
34.562031 36.866166 70.276129
41.474437 123.271244 135.943988
1.152068 -84.100942 23.617388
69.124062 -51.843046 13.248779
33.409963 -4.608271 -81.220773
66.819926 11.520677 -84.676976
67.971994 -72.580265 -61.635622
-0.000000 38.018234 -122.695210
137.096056 2.304135 80.068705
82.948874 -102.534025 91.589382
135.943988 86.405077 55.875283
FRAME 13 7 1259.81
0.000000 0.000000 9.857716
11.829260 39.430866 -156.409101
82.804818 68.346834 -21.686976
27.601606 120.921322 58.489118
10.514898 34.173417 15.772346
127.493133 31.544693 21.029795
111.720787 162.980912 14.457984
FRAME 14 3 1270.47
12.566046 -59.403125 -62.830229
86.819952 1.142368 -5.140655
98.243630 -18.277885 63.401413
FRAME 15 3 1350.73
28.433879 -17.060328 -10.662705
21.325410 1.421694 -118.000599
45.494207 119.422293 11.373552
FRAME 16 0 1386.86
FRAME 17 3 1466.68
38.539050 16.700255 -102.128483
6.423175 74.508830 -112.405563
120.755690 52.670035 99.559213
FRAME 18 7 1449.03
14.292202 -127.530421 9.894602
-0.000000 2.198800 -10.444302
46.174808 59.367610 -76.958013
25.286204 102.244217 -71.461012
8.795201 61.566410 -130.828622
95.647816 -63.765211 -129.729221
122.033420 72.560412 -131.928022
FRAME 19 2 1451.91
119.985661 59.992831 33.268751
126.530334 -4.363115 105.805538
FRAME 20 2 1476.42
79.482184 -88.455979 -157.682398
34.613209 10.255766 4.486898
FRAME 21 16 1483.67
23.320070 -70.565926 82.755962
1.223081 2.120006 -11.904651
-100.700302 41.693458 -9.186694
77.380232 29.091198 -73.846888
69.430208 77.380232 45.580137
84.497396 27.560083 120.688933
3.180010 87.273595 -0.883336
65.720197 -57.240171 6.360019
23.320070 26.235079 15.900048
108.120324 -43.460130 -69.430208
34.980105 14.840044 3.180010
18.020054 18.020054 62.540187
30.740092 -72.080216 4.240013
84.800254 -41.340124 -60.420181
21.200064 121.900365 -42.400127
85.860257 60.420181 108.120324
FRAME 22 27 1427.83
4.204527 25.582476 -75.385398
63.736733 -38.387648 -11.317738
14.837984 -45.779752 73.627343
49.908670 55.454078 25.315992
-41.630742 -62.539876 -24.284600
68.634467 -12.001655 -84.199114
18.752587 -127.142537 39.943009
-64.133846 -76.919701 48.893108
60.133294 -64.133846 64.383881
28.128880 -24.753414 -1.125155
27.646671 -45.006208 69.438149
32.629501 -19.127638 -6.188354
60.758381 -5.625776 20.252794
21.377949 81.011174 27.003725
41.630742 -3.375466 -75.947976
9.001242 82.136329 26.441147
78.760864 30.379190 23.065682
105.764589 23.628259 15.189595
22.503104 -101.263968 -35.442389
92.262726 51.757139 -50.069406
36.004966 101.263968 -47.819096
7.876086 -33.754656 114.203252
99.013657 -52.882294 -78.198286
1.125155 -3.375466 -19.127638
70.884777 -28.128880 -78.760864
36.004966 33.754656 100.138813
46.131363 88.887261 -49.506829
FRAME 23 7 1472.17
84.073841 48.356196 55.499725
1.099004 2.198009 -13.188054
139.573566 119.791486 51.103707
15.386062 -34.069138 6.594027
35.168143 -113.197459 98.910401
2.198009 1.099004 -9.341538
78.029317 106.603433 46.707690
FRAME 24 10 1523.85
31.717936 105.855306 80.362956
-20.967371 12.235754 29.181985
-30.806108 -62.056108 53.533381
9.277344 74.218750 -23.925781
10.742188 117.730035 106.770833
13.671875 48.217773 -78.125000
74.584961 81.054688 20.141602
-71.428571 -35.156250 101.143973
64.778646 6.835938 45.084635
39.062500 -116.210938 -71.289062
FRAME 25 14 1490.69
-36.206676 -104.124981 -19.704313
74.745029 -31.789626 -62.807499
5.911294 0.626955 -22.839091
32.512117 -66.502058 -24.137784
79.145659 -67.979881 -49.917594
68.965097 36.734470 -8.726196
8.866941 -8.866941 36.452980
77.832038 27.980125 25.812651
43.349489 79.802469 -69.950313
108.373724 -99.506783 -96.551136
1.970431 -0.000000 -9.359549
39.408627 116.255449 -85.221155
60.098156 45.319921 -44.334705
30.541686 102.462430 38.423411
FRAME 26 4 1523.59
0.000000 0.000000 8.884016
0.000000 0.000000 67.740621
2.221004 -12.215522 32.759808
44.420079 86.619154 17.212781
FRAME 27 11 1609.17
-82.861026 19.524276 72.669354
0.634539 2.030525 -10.152623
0.725187 2.030525 8.992324
77.159938 -15.228935 5.076312
104.572021 115.739906 -25.889190
42.641018 -65.992052 45.686805
126.907792 -17.259460 47.717330
4.061049 -4.061049 -18.782353
1.015262 -6.091574 21.828140
5.076312 -4.061049 -77.667569
44.671543 82.236249 -111.171226
FRAME 28 0 1549.57
FRAME 29 8 1639.22
21.723057 10.289869 -85.748908
0.000000 0.000000 146.344802
1.143319 2.286638 8.574891
110.901921 46.876070 -25.724672
59.452576 118.905152 112.616899
51.449345 -67.455807 24.009694
98.325414 -91.465501 -83.462270
82.318951 120.048471 76.602357
FRAME 30 7 1551.78
18.320535 -104.237526 34.475095
2.978215 14.891075 -99.770204
25.811197 41.695010 71.973530
62.542516 46.658702 -81.900913
0.992738 1.985477 9.927383
102.252049 34.745842 47.651441
44.673225 -63.535254 -39.213165
FRAME 31 5 1527.77
36.194914 35.027336 74.141194
109.752319 98.076540 46.703114
21.016401 -22.183979 -123.179464
23.351557 -26.854291 138.357976
17.513668 -96.908962 -115.006419
FRAME 32 6 1570.27
97.656250 119.140625 -66.894531
45.898438 -56.640625 -31.250000
35.156250 -99.609375 -23.437500
7.812500 1.953125 -30.761719
69.335938 25.390625 13.183594
4.882812 83.007812 -109.375000
FRAME 33 5 1542.04
20.065943 71.664080 -34.398759
98.896431 22.932506 18.632661
107.496121 -8.599690 0.000000
96.029868 -18.632661 110.362684
93.163304 -14.332816 151.927850
FRAME 34 12 1536.82
8.415071 -20.196170 31.416265
42.956934 60.588511 25.966505
51.612435 40.392341 57.222483
34.782293 80.111476 -4.712440
83.028700 15.708133 -130.714103
0.000000 2.244019 10.098085
63.393535 -28.050237 -34.501791
71.808606 -48.246407 -3.366028
47.124398 11.220095 -97.614824
60.588511 20.196170 88.638748
141.373193 -120.055013 15.708133
106.590899 31.416265 -9.537080
FRAME 35 8 1551.11
84.373702 12.423627 -18.100648
0.197462 1.974616 -11.057850
-1.398686 -6.911156 25.258631
33.979853 -77.997337 19.581610
49.957788 90.832342 -39.985977
13.822313 -15.796929 -115.515044
0.493654 5.923848 -20.733469
24.682702 -0.987308 28.631934
FRAME 36 5 1524.02
101.712962 43.965359 17.227805
-0.551290 -2.021396 -9.831334
55.588385 104.101884 -86.414671
77.823738 -38.406520 1.010698
124.315842 102.080488 -8.590932
FRAME 37 10 1557.97
67.390851 86.791247 46.458844
45.948307 -103.128423 64.327630
5.105367 7.147514 -25.016301
59.222263 -61.264410 38.290256
46.969381 38.800793 -93.428225
7.147514 12.252882 128.144724
54.116895 107.212717 -60.753873
108.233791 -24.505764 -117.933989
98.023056 -31.653278 -130.186871
44.927234 83.728027 -69.432998
FRAME 38 9 1539.80
2.441406 -101.123047 40.478516
55.392795 -46.169705 20.996094
57.183160 26.801215 -91.634115
53.193934 55.089614 -18.727022
32.617188 -51.757813 -62.988281
55.245536 -122.070312 119.419643
12.532552 41.015625 -90.494792
108.723958 8.789062 2.115885
29.296875 49.804687 -102.050781
FRAME 39 5 1535.61
13.286467 27.901581 -27.237258
17.272408 -70.418277 24.579965
23.915641 -21.258348 -102.970122
31.887522 23.915641 -136.186290
14.615114 -77.061511 -141.500877
FRAME 40 4 1542.98
104.575226 38.464451 2.404028
2.404028 137.029606 -12.621148
58.898690 120.201409 -101.570191
96.161127 42.070493 138.832627
FRAME 41 10 1539.26
-24.500610 -55.855088 93.275634
29.778876 16.543820 96.505618
62.866517 19.852584 19.852584
115.806742 -36.396405 -30.881798
49.631461 -133.453483 124.630113
1.654382 2.205843 -12.132135
31.984719 -98.160000 -83.270562
76.101573 74.998652 98.711461
90.439551 -49.631461 24.264270
114.703820 -22.058427 -74.998652
FRAME 42 15 1532.36
53.115804 51.586713 -83.375717
64.865664 -5.611546 38.900376
38.710154 -119.269124 -94.682945
-2.092441 -0.418488 11.299180
32.432832 -3.138661 20.924408
44.987477 -111.945581 128.685107
20.924408 -31.386612 -2.615551
48.126138 -80.558970 54.926570
16.739526 75.327868 -17.785747
4.184882 -19.878187 -85.790072
36.617714 -80.558970 -32.432832
18.831967 -98.344716 -48.126138
16.739526 -83.697631 75.327868
75.327868 41.848815 -63.296333
24.063069 111.945581 24.586179
FRAME 43 12 1540.85
31.107249 -1.929132 21.461590
-0.675196 -2.250654 -9.565278
72.020917 -28.633316 -40.761838
19.130556 73.708907 -19.130556
40.511766 -27.007844 -61.330312
49.889489 72.020917 0.937772
21.943873 -100.716751 -43.043751
12.378595 -75.396897 42.762419
9.565278 -25.319854 -85.243507
59.642322 47.263727 -83.274185
52.890361 -102.404741 -20.255883
28.133171 48.389054 -105.780722
FRAME 44 11 1546.17
35.232026 -49.263829 -46.213437
2.135274 1.067637 -10.676372
12.811646 80.072787 88.613884
18.149832 -24.555655 -21.886562
69.396415 81.140424 -34.698208
1.067637 2.135274 -10.676372
38.434938 0.000000 21.352743
16.014557 -6.405823 -80.072787
3.202911 -85.410972 101.425530
-0.000000 8.541097 -34.698208
40.570212 28.826203 135.056100
FRAME 45 13 1535.12
18.302671 56.546119 92.300907
-51.243832 -111.739309 -54.636102
98.353795 -50.432478 12.207031
16.751803 27.644231 -18.629808
39.506392 -1.953125 123.313210
57.074653 -26.367188 -61.306424
35.156250 84.350586 73.242188
-41.573661 24.414062 -72.544643
91.796875 58.314732 12.834821
90.820312 109.375000 -72.265625
6.835938 -7.812500 32.226562
23.437500 -81.054688 -21.484375
83.007812 -48.828125 -106.445312
FRAME 46 8 1561.58
44.535552 102.229335 109.820623
8.097373 -103.241507 37.450351
96.156305 122.472768 54.657268
74.900701 -100.204992 19.737347
106.278022 78.949388 -20.749519
39.474694 97.168477 -97.674563
2.024343 50.608582 36.438179
23.279948 57.693783 47.572067
FRAME 47 3 1546.77
11.127209 53.410603 -43.396115
0.000000 0.000000 10.570849
28.930743 -67.875975 -7.232686
FRAME 48 3 1538.45
17.573457 -32.636421 126.152319
16.318210 120.503707 -65.900465
100.419756 129.290436 43.306020
FRAME 49 6 1519.40
1.702646 6.567348 -24.931599
31.742182 -61.295248 69.504433
1.094558 2.189116 -12.040138
64.578922 93.037430 -24.627555
73.335386 -118.212264 -0.547279
125.874170 137.914308 -4.925511
FRAME 50 7 1541.76
2.037491 -113.590143 -8.149965
12.224948 38.712336 89.140246
91.687111 -2.037491 64.180977
101.874567 -116.137007 -110.024533
0.000000 0.000000 65.709096
86.593382 -58.068503 -22.921778
89.649619 101.874567 -87.102755
FRAME 51 24 1538.03
-11.132812 -18.359375 31.119792
85.937500 -0.488281 -15.625000
2.929687 -47.607422 -72.509766
66.406250 -84.472656 -26.855469
83.007812 47.119141 57.128906
74.707031 -18.554687 15.625000
13.671875 -29.296875 -104.003906
8.789063 65.673828 42.968750
19.531250 83.984375 11.230469
52.734375 -55.664062 76.660156
87.890625 63.476562 -2.441406
13.671875 27.343750 -47.851562
27.343750 -37.109375 -59.570312
30.273438 102.539062 -20.507812
55.664062 -102.864583 4.231771
111.328125 122.070312 27.343750
0.000000 0.000000 10.253906
3.906250 -2.929688 -24.902344
1.953125 19.531250 -34.667969
17.578125 64.453125 -20.019531
70.312500 -15.625000 42.480469
83.984375 66.406250 21.972656
78.125000 -66.406250 -57.128906
110.351562 37.109375 -77.636719
FRAME 52 11 1529.36
34.626094 91.725772 -51.228818
-29.604820 -2.548759 -21.909527
-76.868901 -16.945048 38.819565
47.105613 14.358699 -60.385990
88.961504 -60.385990 -46.367814
42.439644 -74.712258 14.711383
106.291667 19.563828 -15.635658
16.589558 79.961668 30.027100
59.756970 -62.542633 -69.192281
-123.712857 -31.467375 98.127234
12.939855 -77.315634 -7.224752
FRAME 53 2 1553.78
4.392306 13.176917 -46.119209
127.376864 30.746140 43.374018
FRAME 54 7 1549.90
58.168165 76.345716 52.714899
7.271021 7.271021 35.749185
19.389388 3.635510 76.951635
6.059184 -122.395513 -55.138573
30.295919 43.626124 152.085514
64.227348 -46.049797 -3.635510
109.065309 78.769390 -69.074696
FRAME 55 11 1603.85
-8.487328 -94.013480 -57.965653
15.095985 -14.656297 -85.372927
56.986346 21.731291 62.955456
-71.962416 -7.181585 22.131008
-23.596637 -79.437127 26.381334
69.031157 -54.374860 77.092120
0.512970 2.051882 8.720496
35.907927 3.761783 -11.114358
45.141393 -24.622578 -70.276942
19.492874 -30.778223 -86.691994
93.360609 -20.518815 106.184868
FRAME 56 27 1566.59
1.698915 1.783861 9.768760
23.020295 102.954235 37.546016
35.028534 -3.058047 -13.807544
5.810288 -72.373769 31.192075
-41.181694 75.431816 -16.411517
-57.520400 46.890048 -8.446033
28.833011 69.315722 -44.996971
64.510221 27.522419 52.860519
99.168082 24.464373 38.589635
58.102885 99.896188 22.935349
93.270421 96.838142 8.154791
29.561117 30.580466 67.277025
58.306755 61.160932 -128.030217
17.328931 -85.625304 5.606419
11.212837 -106.012281 -50.457769
-0.000000 38.735257 -111.618700
-5.776310 33.638512 80.868343
64.218978 66.257676 -58.102885
40.773954 -36.696559 -94.799444
35.677210 -41.793303 96.838142
23.445024 64.218978 -114.167072
7.135442 -22.425675 -42.302978
70.335071 -44.851350 84.096281
34.657861 35.677210 -124.870235
28.541768 126.399258 -45.361024
98.876839 63.199629 -72.883443
58.102885 -122.321863 -88.173676
FRAME 57 23 1548.56
61.152591 -38.221915 31.793908
-6.378823 -28.881316 -24.164727
55.425347 -66.970486 8.224826
103.015434 -33.703316 -45.040968
54.199219 62.037418 -29.039885
-67.871094 9.251645 -55.407072
109.246505 -4.805715 -21.792763
47.767857 33.426339 -52.845982
41.475184 4.394531 -77.406939
48.891129 -95.955141 -15.341482
60.074345 91.292843 -5.544355
-115.739494 -23.942619 -1.818427
-1.414332 -120.588631 -36.772629
13.867188 -71.562500 83.945312
110.820313 116.171875 12.578125
-74.300130 -19.775391 -79.182943
117.146810 -105.183919 37.963867
96.637228 -62.839674 -69.420856
20.063920 -42.524858 108.620384
120.605469 47.318892 -85.937500
0.439453 -3.417969 18.798828
42.624081 -124.827665 -40.958180
34.780649 -24.414063 -101.637620
FRAME 58 4 1554.89
0.886263 1.698670 10.709006
33.996478 117.429790 -130.377533
0.000000 0.000000 19.940908
132.939385 78.655803 -90.841913
FRAME 59 8 1544.24
-86.959748 -0.140428 9.057576
-3.419105 -0.384649 -19.146988
78.171325 -19.098144 76.345767
14.437705 -27.155174 -21.380091
101.695064 -26.540803 -28.774878
58.193169 54.949293 36.469030
8.969808 19.659854 -83.431506
72.741461 27.523796 13.761898
FRAME 60 27 1565.06
3.540039 68.054199 -55.603027
-4.206731 -9.915865 49.128606
-90.820312 17.953726 -7.136418
65.429688 -34.667969 13.183594
13.671875 47.363281 61.035156
52.571615 -82.845052 -47.526042
55.664062 -26.367188 5.371094
19.531250 -65.429688 -55.175781
86.914062 35.156250 23.925781
79.101562 12.939453 74.218750
82.031250 81.054688 17.089844
68.359375 63.476562 -110.839844
3.906250 3.906250 16.601562
3.906250 -0.000000 -22.460938
69.335938 33.203125 -41.015625
100.585938 -27.343750 22.460938
23.437500 2.929687 -109.375000
87.890625 71.289062 -29.296875
16.113281 116.210938 3.662109
111.328125 39.062500 -67.382812
37.109375 50.781250 -47.363281
45.898438 30.273438 67.871094
23.437500 5.859375 -92.285156
98.632812 -51.757812 20.019531
32.226563 26.367188 109.863281
64.453125 -97.656250 13.183594
84.960938 -100.585938 -42.480469
FRAME 61 20 1542.75
65.844625 -43.694925 1.338481
21.030557 31.615783 0.279786
86.744161 -12.134644 1.536702
44.667540 -75.223082 0.552209
1.092913 0.437165 -80.001220
-43.133627 -63.534666 78.106838
43.549975 -75.608751 79.855498
22.149700 31.924264 -78.465537
22.867099 -107.251180 78.913912
20.401040 31.475890 80.438385
-108.416954 -19.332414 -1.360069
23.527433 -106.721283 0.105979
-109.052830 -19.818153 77.259002
64.117553 94.945791 -77.847777
-128.882759 -51.294043 -3.108730
66.886266 -43.133627 -78.106838
87.870192 -11.657737 -77.669673
86.267254 -12.386346 81.312715
2.331547 -138.435627 -0.582887
85.101480 126.486446 -78.689725
FRAME 62 6 1547.71
52.265729 94.078312 49.942808
98.724155 -51.104268 -95.239773
49.942808 -39.489662 1.742191
44.135504 68.526178 74.914212
0.000000 2.322921 9.291685
75.494942 -37.166741 -145.182581
FRAME 63 3 1550.45
36.964934 -88.749910 -57.065681
35.772517 8.346921 10.135546
64.390530 114.472053 -129.377268
FRAME 64 5 1559.91
0.000000 0.000000 76.902590
6.214351 -136.715716 43.500455
77.679384 -62.143507 -111.858313
144.483654 -3.107175 79.232972
27.964578 -150.698005 -118.072664
FRAME 65 5 1538.49
0.787732 0.787732 -151.638414
0.000000 0.000000 10.240516
160.697332 18.905569 -3.938660
0.000000 0.000000 99.254235
11.028248 15.754640 -137.065372
FRAME 66 4 1559.35
72.856993 -118.729915 -128.174340
134.920358 138.967969 36.428497
1.349204 1.349204 11.468230
138.967969 -20.238054 99.166463
FRAME 67 12 1544.94
32.283913 44.966879 6.917981
83.015776 4.611988 57.649845
47.272873 -9.223975 111.840699
94.545745 -91.086755 1.152997
141.818618 -104.922717 92.239752
144.124612 -130.288649 46.119876
0.000000 0.000000 9.800474
85.321770 -64.567826 -57.073346
5.764984 59.955839 -106.652213
147.583602 44.966879 14.412461
147.583602 -44.966879 -14.412461
59.955839 132.594643 -87.051266
FRAME 68 8 1555.66
1.656745 -1.656745 9.940469
44.732111 97.747946 -145.793546
92.777711 -92.777711 121.770746
0.000000 0.000000 11.597214
102.718180 87.807477 -8.283724
115.972139 -8.283724 -77.867007
168.987974 9.940469 48.045600
57.986069 -69.583283 159.047505
FRAME 69 1 1556.93
44.889680 76.176426 -40.128653
FRAME 70 5 1549.01
38.479318 -44.685660 -79.441172
0.000000 0.000000 158.882345
11.171415 29.790440 -137.160149
89.371319 2.482537 113.576051
13.653952 -93.095124 157.020443
FRAME 71 10 1541.46
-51.560918 -3.491326 71.572174
53.370446 87.155408 -45.046615
48.963712 -63.285598 74.057615
16.647662 6.854920 33.295324
68.549197 10.772017 -38.191696
15.668388 -77.362665 7.834194
-0.734456 1.958548 -8.813468
85.196859 17.626936 -3.427460
1.958548 83.238311 26.930042
102.823796 24.481856 29.867864
FRAME 72 11 1555.05
84.785184 -12.506061 -16.740396
-14.623229 31.864196 -13.088692
-29.246457 64.269992 -26.899519
70.408137 19.858705 -30.871260
-62.825723 59.937184 -107.056476
47.660893 -27.296693 94.671865
18.414436 36.828872 68.241733
33.579266 4.332808 81.240159
41.161680 83.406563 -56.326510
89.905776 -24.913649 -68.241733
36.828872 15.164830 -111.569818
FRAME 73 6 1532.26
30.463908 -29.292219 91.391723
5.858444 50.382616 3.515066
51.554305 -105.451988 12.302732
11.716888 113.653809 -110.724587
131.229141 89.048345 -72.058858
98.421855 112.482120 -103.108610
FRAME 74 15 1539.46
8.176937 -35.774099 6.643761
9.199054 -55.194324 -37.307275
75.636666 19.420225 8.687995
4.088468 25.552928 -83.813603
59.282793 91.990540 -4.088468
6.132703 0.000000 0.511059
25.552928 17.375991 -76.147725
87.902072 9.199054 -68.992905
56.216441 66.437612 81.258310
51.105856 58.260675 -110.899707
70.526081 -113.455000 54.683266
2.044234 -1.022117 -11.243288
39.862567 -56.216441 -54.172207
32.707748 -120.609819 -39.862567
123.676171 12.265405 -123.676171
FRAME 75 5 1566.77
0.000000 0.000000 131.868149
20.512823 -102.564116 -49.084256
32.234436 -87.912099 91.575104
84.981696 20.512823 -147.985367
48.351655 -180.219804 -43.956050
FRAME 76 2 1555.85
55.831707 50.756098 -119.276829
16.495732 118.007927 123.083537
FRAME 77 1 1555.90
140.204132 -65.428595 -104.568915
FRAME 78 10 1569.59
78.511496 25.433301 0.552898
4.423183 -120.531733 -108.920878
2.211591 6.634774 -27.644893
90.675249 15.481140 -54.183990
-0.000000 3.317387 -17.139834
6.634774 -3.317387 -27.091995
128.272303 131.589690 9.399264
36.491259 -57.501377 -30.962280
30.962280 -67.453539 79.617292
32.068076 -22.115914 110.579572
FRAME 79 13 1550.30
60.235503 17.847557 -47.965308
20.078501 74.736643 -75.852115
20.078501 -29.002279 16.174348
37.926058 54.658142 87.564574
0.000000 103.738923 -93.141936
30.117752 47.965308 54.658142
80.314005 -11.154723 -33.464169
50.196253 18.963029 70.274754
10.039251 -1.115472 -118.240062
0.000000 0.000000 142.780453
101.507978 126.048368 -20.078501
0.000000 0.000000 10.596987
30.117752 -30.117752 -103.181187
FRAME 80 3 1569.17
26.130431 61.349708 90.320404
18.177691 -27.266537 -109.634201
29.538748 -35.219277 125.539680
FRAME 81 9 1544.28
105.838260 -34.654772 8.683488
4.073661 -0.139509 -22.656250
3.544560 1.555266 -37.868924
-69.930367 -35.623302 -8.491848
35.698785 -70.312500 0.217014
-6.835937 11.393229 120.442708
-17.089844 -33.203125 50.292969
46.508789 -65.429688 -113.281250
32.226562 -71.847098 37.806920
FRAME 82 7 1565.32
4.333684 48.753949 -37.919738
94.257634 -120.259740 70.422370
3.250263 -8.667369 -75.297765
5.417105 -41.170001 -93.715924
108.342108 -10.834211 53.629344
74.756055 -6.500527 -92.090792
60.671581 101.841582 27.085527
FRAME 83 5 1562.89
2.118223 -0.000000 -10.591115
-65.664910 -60.823258 83.367202
13.768449 8.472892 127.093374
68.842244 -23.300452 36.009789
23.300452 106.970257 27.007342
FRAME 84 5 1547.14
78.613281 28.320312 10.742187
47.851562 -40.039063 -78.125000
92.773438 -106.445313 -80.078125
54.687500 124.023438 96.679688
29.296875 -54.687500 -34.667969
FRAME 85 0 1544.94
FRAME 86 7 1542.16
1.687965 -1.687965 9.283806
42.199118 67.518589 34.603277
64.142660 -30.383365 91.994078
104.653813 25.319471 83.554254
20.255577 -126.597355 -152.760808
43.887083 65.830624 43.887083
84.398236 106.341778 -37.135224
FRAME 87 10 1529.43
0.411130 2.055648 9.044852
98.671112 -122.311066 -38.543403
1.027824 2.055648 -12.333889
6.166944 -10.278241 -43.168611
72.975510 2.055648 30.834722
13.361713 -18.500833 -29.292986
34.946019 42.140787 63.211181
0.000000 112.032825 11.819977
99.698936 -108.949353 -25.181690
34.946019 91.476343 -22.612130
FRAME 88 9 1549.30
1.699154 3.475542 30.159982
16.624676 7.231058 108.398296
20.235378 69.510842 49.507166
105.965417 -72.986384 36.763512
88.664941 98.937098 37.844792
-2.763271 5.406399 19.823462
5.406399 15.137917 -120.562694
30.275833 -47.576310 54.063988
-37.844792 -77.203375 66.823089
FRAME 89 10 1545.06
60.064617 -79.206088 47.853678
36.632816 104.508033 0.330025
0.550042 -2.200169 -10.450803
140.810824 8.800676 132.010147
140.810824 -8.800676 -132.010147
69.305327 34.102621 11.550888
24.201860 97.907526 48.403721
50.603890 9.900761 138.610654
69.305327 139.710739 -58.304482
6.600507 58.304482 132.560189
FRAME 90 1 1542.52
97.949354 -54.416308 -18.501545
FRAME 91 9 1546.22
5.212016 -13.551243 36.484115
78.180246 8.339226 -8.339226
91.731488 16.678452 -109.452344
45.865744 118.833973 88.604278
-0.000000 2.084807 -9.902831
88.604278 -69.841019 47.429349
48.992954 82.349859 119.355175
93.816295 -117.791570 116.227965
56.289777 -109.452344 85.477068
FRAME 92 9 1545.82
-37.211959 -36.838774 -68.346321
62.444340 12.453117 -59.167204
42.126096 -71.501152 -73.705771
99.863276 49.157042 10.069746
9.306322 -23.677309 29.121824
28.784179 60.775979 41.952308
92.514547 -59.824436 27.755899
-70.905309 10.804619 31.738567
-80.021706 34.692955 4.811432
FRAME 93 9 1530.44
33.230252 7.866753 16.682943
37.597656 -96.679687 55.664062
8.355035 -28.428819 81.054688
4.448785 -104.492188 38.845486
73.676215 -12.695312 116.427951
57.617188 44.189453 -47.363281
85.205078 -98.632813 -123.046875
3.208705 75.474330 43.666295
24.414062 36.132812 -63.964844
FRAME 94 12 1542.42
-29.959542 -34.702846 102.992467
34.458705 65.057664 -28.506324
16.927083 -47.154018 -71.335565
-29.522236 -18.254207 -14.798678
45.454545 -43.945312 60.280540
13.671875 80.664062 -30.761719
104.492188 -7.486979 89.192708
66.162109 16.601562 -78.369141
54.199219 57.617188 99.121094
15.904018 -62.500000 45.479911
32.226562 -30.273438 2.441406
5.859375 110.351562 40.039062
FRAME 95 10 1525.79
-0.488281 2.929687 -15.136719
33.203125 12.276786 -68.777902
-1.139323 1.953125 -10.904948
2.929687 -55.664063 -97.656250
93.750000 -13.671875 -63.964844
17.578125 -96.679687 69.824219
26.367188 -73.242187 45.898438
81.054688 -43.945312 39.062500
32.226563 48.828125 68.847656
31.250000 98.632812 -52.246094
FRAME 96 17 1520.82
37.338198 -0.622303 5.393295
32.152337 26.966476 128.090763
20.743443 -15.557583 -17.631927
8.297377 -15.557583 22.299202
52.895781 15.557583 29.559407
26.966476 -3.111517 82.455188
35.263854 19.706271 105.272975
15.557583 120.311972 -0.518586
77.787913 116.163283 -79.343671
10.371722 3.111517 -77.787913
46.672748 -82.973774 -6.223033
29.040821 -24.892132 98.531356
38.375370 106.828734 50.821436
112.014595 -67.416191 12.446066
17.631927 108.903078 -75.713569
37.338198 -123.423488 86.085290
109.940250 127.572177 99.568528
FRAME 97 13 1508.18
36.649119 -2.332217 -66.301587
80.461474 30.318816 10.494975
18.657733 -1.166108 -34.400195
64.135958 32.651033 33.234087
108.448074 -39.647683 21.573004
53.640983 -143.431323 37.898520
26.820491 -71.132607 18.657733
45.478224 -72.298716 -15.159408
127.105807 -41.979899 -13.993300
9.328867 68.800391 -83.376745
100.285315 30.318816 -33.234087
94.454774 24.488275 -57.722362
31.484925 39.647683 132.353294
FRAME 98 8 1584.63
29.413096 21.021044 -10.210481
-46.852461 62.794600 -6.783526
-76.365448 41.660555 4.019234
-17.353814 83.753764 -17.459244
-12.361970 -104.581225 28.244755
105.951616 -20.541640 -13.724458
62.912943 -44.560276 78.035541
-92.403058 23.218746 -65.031365
FRAME 99 2 1515.11
0.000000 0.000000 20.900614
0.000000 0.000000 160.238041
FRAME 100 6 1508.31
59.703258 11.264766 36.610489
118.280040 65.335641 143.062524
0.000000 48.438493 18.586863
65.335641 3.379430 72.094501
84.485743 -83.359266 -63.082688
98.003462 -91.244602 -37.173727
FRAME 101 6 1512.59
16.308594 108.105469 20.996094
-112.792969 -73.242188 -67.382812
107.979911 -21.484375 27.064732
45.247396 -107.421875 5.696615
76.171875 20.507812 -99.121094
116.210938 -76.171875 117.675781
FRAME 102 2 1518.46
0.000000 0.000000 157.068023
9.905191 -14.150272 -147.162832
FRAME 103 5 1510.09
96.937854 40.421119 37.799208
2.330587 0.582647 12.818229
61.760556 -22.140577 64.091143
86.231720 41.950566 -101.380536
68.752317 2.330587 -139.835222
FRAME 104 10 1519.18
-6.717200 0.419825 24.349851
0.559767 2.239067 8.956267
29.107868 105.236138 55.976669
6.717200 0.000000 24.069968
77.247803 43.661802 2.798833
45.900869 87.323604 -7.276967
72.769670 -7.836734 -67.731770
1.119533 124.268205 15.113701
138.822139 -83.965004 -11.755100
26.868801 -133.224472 95.720104
FRAME 105 11 1514.40
9.561915 78.143927 7.583588
39.990472 -57.371490 49.175563
14.342873 3.956655 -74.187272
-87.046399 -67.427987 -21.596739
84.078908 -7.913309 -20.772436
93.970545 109.797163 -79.627672
1.978327 0.989164 -8.902473
1.978327 -0.989164 9.891636
24.729091 86.057236 -76.165599
88.035563 121.667126 9.891636
55.393163 95.948872 -18.299527
FRAME 106 10 1531.59
19.707381 4.014467 -31.294591
78.282097 -63.478752 121.939421
124.448462 -31.112116 -51.184448
58.209765 52.188065 9.534358
5.018083 109.896021 16.559674
85.307414 -48.173598 -72.762206
69.249548 111.401446 -7.527125
85.307414 -53.191682 -46.166365
59.213381 58.209765 -29.606691
85.307414 -51.184448 -32.617541
FRAME 107 7 1525.94
-1.628637 -1.628637 -9.771825
109.032989 61.305341 51.224933
37.030072 73.031530 120.347733
63.774013 86.403501 26.229634
0.000000 0.000000 20.572262
62.745399 -127.548025 -46.287590
1.028613 -2.057226 9.771825
FRAME 108 7 1532.40
9.168837 110.080295 -12.858073
4.394531 3.906250 20.019531
106.445312 -96.679687 82.519531
109.375000 -2.929688 -41.992188
86.914062 -38.085938 -12.695312
57.617188 62.500000 91.796875
107.421875 -24.414062 121.093750
FRAME 109 3 1532.44
10.986328 -36.437988 68.908691
50.781250 -40.039062 3.417969
26.367188 82.519531 -65.917969
FRAME 110 14 1505.70
0.102831 2.108042 -11.748476
0.976897 1.953795 8.792076
1.953795 0.976897 10.257422
24.422434 -17.584152 -80.594031
71.313506 17.584152 81.570928
85.966966 -114.296989 97.201286
1.953795 3.907589 21.491742
12.699665 -87.920761 0.000000
11.722768 53.729354 80.105582
21.491742 -108.435605 -7.326730
114.296989 -39.075894 -26.864677
115.273887 73.267301 -83.524723
21.491742 -64.475225 -114.296989
114.296989 31.260715 -121.135271
FRAME 111 5 1546.98
-79.668646 -18.227531 31.130165
0.565648 19.939105 -31.747014
0.549936 66.322270 42.785014
-78.625122 1.979769 -1.838357
-4.289500 0.989885 -25.572020
FRAME 112 12 1549.47
-1.953125 -0.616776 10.125411
0.390625 1.953125 9.082031
16.113281 65.429688 120.605469
56.884766 -107.421875 85.693359
116.489955 2.929688 97.935268
16.601563 62.500000 98.144531
71.289062 90.820312 -80.566406
87.890625 86.914062 -112.792969
119.140625 82.031250 -104.980469
15.625000 -3.906250 -34.179688
23.437500 7.812500 73.242188
83.007813 39.062500 120.117188
FRAME 113 9 1525.63
-1.502404 -1.577524 -10.516827
-0.585938 1.953125 -9.277344
71.986607 -82.031250 -19.112723
50.781250 -19.042969 -2.441406
-0.000000 2.929687 -13.671875
57.617188 -33.203125 41.015625
13.671875 -48.828125 -59.570312
11.718750 101.562500 -88.867188
6.835938 35.156250 108.886719
FRAME 114 11 1534.11
69.726562 35.156250 40.136719
95.019531 -47.851562 23.437500
34.613715 13.671875 9.440104
15.842014 21.972656 -86.073134
25.065104 -106.445312 -30.273438
3.906250 -33.761161 -79.520089
6.835937 -29.296875 -22.949219
-1.953125 0.585938 10.156250
120.117188 -92.773437 52.246094
-0.000000 2.929687 -14.648438
26.367187 -73.242188 5.859375
FRAME 115 19 1557.78
43.990385 -101.712740 8.774038
-63.999721 -88.413783 -4.115513
38.845486 75.683594 -20.128038
20.019531 -55.664063 -51.269531
107.421875 -13.085938 12.207031
24.414062 -45.735677 59.570312
30.761719 3.906250 -113.281250
25.390625 12.695313 24.414062
0.976563 1.953125 9.277344
34.179688 14.648438 -0.488281
14.648438 71.289063 49.316406
48.828125 85.937500 45.410156
1.953125 112.304687 -114.746094
-0.000000 5.859375 -19.531250
78.125000 -24.414062 31.250000
32.226562 -51.757813 -63.476562
55.664062 -89.843750 -31.250000
71.289062 23.437500 -82.031250
114.257812 -83.007813 -89.843750
FRAME 116 10 1488.38
6.347656 1.953125 110.351562
-43.652344 52.636719 -54.296875
85.937500 27.901786 -62.918527
31.250000 -0.000000 -112.792969
37.109375 -54.687500 -57.617188
59.570312 -78.125000 20.507812
38.085938 58.593750 53.222656
2.441406 14.648438 105.468750
111.328125 61.523437 -71.777344
24.414062 -19.531250 -88.867188
FRAME 117 5 1507.28
-32.714844 -79.101563 -71.289062
68.847656 -52.124023 40.771484
19.670759 -113.281250 79.659598
67.187500 -46.386719 -32.812500
81.054688 22.460938 25.390625
FRAME 118 3 1525.81
32.648355 15.167696 -10.942092
71.434957 -13.280471 -34.389431
16.146257 -10.274891 84.400891
FRAME 119 8 1487.52
-0.610352 2.929687 -14.892578
80.078125 -35.156250 27.832031
10.742188 66.406250 66.894531
41.992188 94.726562 -39.550781
58.593750 -65.429688 -15.625000
116.210938 -26.367188 -36.132812
36.132812 19.531250 -81.542969
83.007812 85.937500 36.621094
