0 24.16862 64.67383 -38.20591 64.03148 3.35399 46.18312 18.97364 -21.69991 -24.73045 0.00000 576.968
1 44.12111 -64.29578 -11.78868 1.13789 15.03602 -77.33556 31.39211 20.71922 4.47093 0.00008 5.350
2 58.68869 49.11496 19.13267 -11.29310 39.67568 -67.12678 -24.65295 22.64256 17.49391 0.00011 3.560
3 -68.90395 -15.96299 -34.97907 -16.51125 77.22790 -2.71871 16.71914 2.37693 -34.01913 0.00000 3.628
4 -74.25179 2.07401 26.49112 7.24684 -74.07367 25.97146 12.27777 12.93694 33.28548 0.00009 3.477
5 -35.01716 26.43313 -65.49589 -63.97089 19.18229 41.83725 14.41290 34.48332 6.19078 0.00009 3.530
6 37.81348 -27.65470 -63.41844 21.85480 -63.87802 40.75264 -31.57938 -17.83254 -11.00370 0.00012 3.491
7 -12.40269 77.85642 -1.70136 -18.31535 -4.67890 -76.46384 -36.28626 -5.58613 8.97533 0.00019 3.447
8 -49.33056 36.17972 49.47852 50.81285 -11.72726 58.87323 16.54508 33.09535 -7.67009 0.00009 3.357
9 -23.73093 -19.74112 72.52772 58.14029 -53.16842 4.57661 22.93810 26.33886 14.59160 0.00010 3.758
10 67.62505 23.35267 -33.10155 -28.20399 73.59492 -5.69941 14.04174 8.04222 34.36034 0.00017 59.057
11 14.18405 -38.87353 67.14067 6.73448 -67.46175 -40.38130 37.10147 6.24316 -4.17624 0.00008 12.232
12 68.51923 39.12598 0.94247 0.38758 1.21021 -78.64195 -18.75945 32.84903 0.42495 0.00012 3.912
13 -44.66098 -64.77731 -4.18191 -9.47244 11.50787 -77.21613 30.82397 -20.79754 -6.85851 0.00013 3.624
14 4.44447 -29.84120 72.74901 76.07380 20.49031 3.73746 -9.74204 33.58266 14.31454 0.00011 3.622
15 10.70925 -67.19759 -39.80088 10.99887 -38.61152 67.83047 -37.14301 -7.08899 1.98021 0.00006 3.303
16 15.36859 24.72376 -73.17462 -67.07774 -32.92609 -25.20627 -18.49012 32.32983 6.93144 0.00013 3.337
17 -19.22898 -47.12012 60.14070 75.74943 -20.52020 8.12885 5.18201 28.69069 24.08956 0.00014 3.695
18 -61.48230 -8.20728 -48.71056 -31.73135 -53.15598 48.87018 -18.21159 27.69008 18.21011 0.00011 3.461
19 71.41684 -1.19439 33.46302 30.65266 -29.75995 -66.18607 6.54616 35.04048 -12.64921 0.00010 3.481
20 -8.17461 -62.16230 -47.79339 -78.10568 11.81618 -2.00945 4.20454 22.65824 -30.18951 0.00000 3.560
21 -69.22906 37.75179 0.71056 -26.20256 -46.88671 -57.61572 -13.05638 -24.47425 25.77574 0.00007 3.412
22 -22.18502 -15.92387 73.90842 74.45493 -18.71342 18.30772 6.64996 35.95982 9.73780 0.00009 3.794
23 -31.35508 69.21719 -21.15462 71.82823 26.60218 -19.42134 -4.76222 -12.96967 -35.37780 0.00009 35.725
24 1.63456 -76.07636 20.83448 44.19954 -16.36946 -63.13314 31.32641 6.23312 20.26239 0.00012 12.927
25 -54.95710 47.18193 -31.24724 -22.44084 -58.23700 -48.46667 -25.02052 -11.95656 25.95178 0.00000 3.446
26 -70.67377 33.50557 10.14964 -30.22187 -46.75459 -55.85267 -8.48559 -25.85979 26.21051 0.00008 3.497
27 -52.61488 -36.37539 46.08965 33.79961 -69.41402 -16.13379 23.03840 4.30164 29.61377 0.00010 3.554
28 62.00956 -47.72113 -9.14656 -6.28224 6.97316 -77.93297 23.15562 29.93076 0.80903 0.00011 3.543
29 -45.51702 -30.26438 -56.79840 9.37584 65.81695 -42.44782 30.56922 -14.99792 -16.43179 0.00007 3.269
30 -70.38045 21.23545 28.62910 -15.47957 38.93007 -66.72949 -15.43129 -31.33419 -14.63642 0.00010 3.542
31 57.43894 28.46626 -45.68736 -18.86563 -52.10996 -55.85688 -24.24680 24.85095 -14.91596 0.00010 3.360
32 -71.04213 29.10014 18.28337 -22.06935 -70.81110 26.95711 12.64432 9.18740 34.40376 0.00008 3.365
33 -10.44385 13.80695 -76.90192 9.16356 -76.87841 -14.81351 -37.28431 -5.25983 4.11660 0.00030 3.487
34 -74.82013 17.98179 -16.96275 9.24895 -29.81378 -72.24136 -11.00548 -33.89957 12.55038 0.00014 3.586
35 -42.17201 17.09028 -64.37099 -66.51048 -4.72972 42.18359 2.53059 36.85384 8.09363 0.00007 3.462
36 -37.55275 67.87054 -14.49822 -19.88784 -26.34089 -71.79686 -32.00664 -14.66597 14.24656 0.00000 28.554
37 -32.39628 43.67789 57.08252 51.39736 -29.77186 51.80770 24.14249 28.10087 -7.80521 0.00010 21.537
38 -59.13548 52.13777 3.57510 26.77056 25.57970 69.56324 21.52070 25.60222 -17.62073 0.00011 5.408
39 7.37312 -78.45126 3.01157 -42.82342 -6.54033 -65.91098 31.55106 2.19092 -20.64844 0.00007 3.413
40 -38.00374 -39.69686 -56.49655 -27.35774 67.93020 -29.21241 30.49203 2.66103 -22.30472 0.00008 3.421
41 22.86969 -42.35248 -62.40987 -69.34175 -37.51224 0.03332 -14.28017 26.35976 -23.06782 0.00014 3.495
42 69.30815 -35.50212 -12.54266 -4.52859 18.30147 -76.48478 17.93133 32.60745 6.70274 0.00008 3.591
43 28.83099 46.84188 56.44057 70.99234 -33.22880 -8.65619 8.93797 25.90278 -25.98449 0.00008 3.653
44 14.27588 -77.57800 2.45157 18.68068 1.01775 -76.56963 36.13266 6.93114 8.89358 0.00007 3.560
45 -49.33057 36.17971 49.47860 50.81287 -11.72724 58.87314 16.54509 33.09536 -7.67013 0.00009 3.459
46 -30.60465 12.70641 71.46022 71.58852 -8.10052 32.03172 6.00457 37.16112 -4.09660 0.00008 3.434
47 10.24480 -76.82826 14.38911 -52.66315 3.92678 58.43953 -27.71607 -8.26729 -24.38878 0.00008 3.495
48 47.36113 -62.61672 7.04600 40.64386 23.70737 -63.15027 23.08547 19.95743 22.26225 0.00009 3.510
49 72.51920 -26.30966 16.50327 23.75295 19.79186 -72.46640 9.63405 34.40727 12.48790 0.00013 14.417
50 39.53248 -66.33697 -15.84995 -54.46483 -19.60537 -53.79007 19.86086 18.22808 -26.75377 0.00009 27.227
51 -44.42603 -49.65359 42.17570 47.71423 -59.57455 -19.85714 21.30474 6.88950 30.50258 0.00010 8.319
52 -65.76429 -36.80777 23.27083 -15.53155 -19.59950 -74.68020 19.50096 -32.09360 4.37885 0.00011 3.396
53 -21.22638 -47.63731 59.18570 40.66238 -59.06892 -32.83896 30.84678 10.40925 19.38862 0.00007 3.578
54 60.30271 -1.03284 50.80836 17.18649 74.66434 -18.88636 -22.99623 12.23532 27.42406 0.00024 3.505
55 62.78539 47.16656 -7.65689 -2.04629 -9.96122 -78.17213 -22.87939 29.95212 -3.20848 0.00011 3.690
56 6.34418 -5.99112 -78.31371 -6.46451 -78.45552 5.49667 -37.59195 2.86328 -3.23461 0.00008 3.489
57 -35.44769 -37.33513 -59.71759 59.13774 20.66810 -47.88281 18.40041 -31.82831 8.96009 0.00010 3.437
58 76.14772 19.30471 7.45823 8.61036 -55.39644 55.46582 9.01639 -25.31123 -26.56105 0.00030 3.479
59 67.69138 28.52531 -28.74021 31.31080 -1.35869 72.35582 12.38573 -35.47201 -6.01435 0.00006 3.350
