0 28.80616 -70.36366 -20.37506 -35.62297 5.46650 -70.08811 30.83230 16.75397 -14.25805 0.00024 451.234
1 55.23926 -19.80840 -52.28584 -12.71413 66.84622 -38.83255 26.15922 17.30072 20.98376 0.00029 5.354
2 0.81633 -56.12080 54.96504 -48.39207 -44.03036 -44.21684 29.84539 -15.89906 -16.75487 0.00028 3.853
3 -46.84722 61.15274 15.16003 35.58746 41.19368 -56.66732 -25.09045 -13.00764 -25.11974 0.00024 4.064
4 -32.61478 50.17435 51.12913 -22.15649 46.19210 -59.66619 -32.73683 -18.80305 -2.40296 0.00020 3.878
5 -26.75872 -67.03703 31.50676 -54.55454 -5.21639 -56.59465 24.05756 -19.62585 -21.50224 0.00019 4.013
6 28.10437 49.93341 54.63657 8.61114 55.79356 -55.33992 -35.25305 12.13114 6.87289 0.00030 4.039
7 -65.44514 -35.19514 27.73657 32.23546 -70.84926 -13.82619 14.89109 0.02242 34.96616 0.00028 4.222
8 -34.57798 -58.39288 -40.48231 57.22173 3.65656 -53.93064 20.07626 -25.24638 19.41308 0.00026 4.433
9 -64.91205 11.18508 43.37692 29.69207 68.14149 26.48595 -16.14849 18.15709 -28.94599 0.00026 3.976
10 -10.62126 -72.45692 29.82397 29.80099 -31.37669 -66.22281 34.80526 1.23071 15.17287 0.00023 40.431
11 31.40158 39.05088 -61.98225 2.03045 -66.36547 -39.87306 -34.87879 7.87825 -12.52910 0.00155 4.362
12 0.66876 20.97787 75.88081 -35.09779 67.76622 -18.47826 -33.79818 -16.22043 4.69710 0.00024 3.782
13 -61.31767 -1.58334 49.27200 44.37234 -37.20507 53.24481 10.85558 33.32182 13.56205 0.00073 29.976
14 -4.53747 -28.22046 -73.51991 -69.66191 -32.90056 16.79453 -17.52394 31.50105 -11.03615 0.00027 3.875
15 13.27817 41.09861 66.91918 71.41869 -34.03699 9.22241 15.31911 28.26458 -22.36832 0.00125 7.693
16 3.18099 -11.63123 77.83782 13.65258 -76.47816 -12.32160 37.20932 6.78082 -0.39750 0.00031 40.744
17 21.05833 4.05629 -75.99626 -66.43506 39.04588 -16.80230 17.78304 32.75815 6.65415 0.00039 4.021
18 21.08838 14.82391 74.49607 51.12804 -59.59073 -2.27104 26.89360 23.53410 -12.34591 0.00023 3.966
19 -67.95534 38.11549 -11.88996 17.55964 7.50925 -76.55436 -17.32301 -32.86181 -7.27480 0.00020 4.798
20 74.89326 18.82267 -15.49222 -22.90058 70.98176 -24.85213 4.01618 13.58096 35.11338 0.00051 5.593
21 -30.78627 -14.67376 70.89480 54.12915 -55.84344 11.68750 23.24997 25.65998 15.36833 0.00022 4.546
22 4.44551 26.04620 -73.97097 -41.58922 -62.50889 -24.53212 -32.07106 19.32755 4.80034 0.00020 4.976
23 14.19937 18.82445 75.14574 70.05605 29.64401 -20.35115 -15.85800 33.70766 -5.43377 0.00017 3.896
24 9.77697 74.17583 -24.61324 -64.80072 -6.62937 -44.72065 -21.11785 12.33404 28.87034 0.00017 4.814
25 -69.13216 -36.99739 8.10913 32.77776 -66.87584 -25.31638 9.04107 -8.86104 35.54134 0.00016 4.249
26 -9.85135 74.76245 22.33774 -44.85756 12.69263 -63.42487 -30.69158 -9.98016 19.58180 0.00033 3.853
27 55.39275 44.22023 -34.96793 27.49764 -63.77334 -37.22624 -23.56913 6.60311 -28.97672 0.00022 4.178
28 36.74697 69.55783 -7.56425 64.03204 -36.54639 -27.50501 -13.29729 3.14163 -35.25742 0.00044 3.934
29 69.41890 -35.11267 14.15211 3.97482 -22.56726 -75.74715 18.18854 32.17464 -8.48015 0.00028 3.830
30 8.12577 -69.73871 -35.85868 -10.43921 34.35783 -70.02602 37.30113 5.85034 -2.69780 0.00022 4.021
31 -30.04261 -43.55004 59.26599 37.13577 -63.91155 -27.43027 30.46292 8.39027 23.51867 0.00130 17.977
32 -29.80808 56.64913 45.84347 5.20303 -47.58284 62.46666 34.94383 12.88958 6.91751 0.00030 14.918
33 31.54133 -29.52233 65.64959 69.92123 30.56677 -19.55265 -8.59321 31.71110 18.42365 0.00028 43.619
34 63.60957 -28.67189 -36.36005 -42.98682 -60.34018 -27.06470 -8.60977 19.90661 -30.87702 0.00026 3.909
35 -9.14500 77.43187 9.92151 59.13161 13.43687 -50.25007 -24.57632 0.60576 -28.77029 0.00024 4.161
36 12.16317 -5.17217 -77.56478 -30.39712 71.77644 -9.43332 34.37212 15.14489 4.45801 0.00020 4.559
37 33.58729 -32.52149 -63.22438 13.21339 71.55592 -30.05791 33.54690 1.17486 17.33257 0.00032 6.262
38 -53.19521 -55.21217 18.28069 4.18271 -28.46729 -73.40253 27.83389 -23.12435 10.60848 0.00023 4.856
39 48.58064 -21.23583 -58.31854 -53.45612 -50.81008 -27.60641 -15.15676 27.20977 -19.74980 0.00182 3.716
40 36.41231 64.72032 -26.27998 68.49255 -26.68238 28.41050 6.81347 -17.18298 -32.93764 0.00034 4.438
41 61.87653 41.80571 -25.19087 -37.33472 14.05914 -67.87400 -15.03321 31.22675 14.80979 0.00024 4.469
42 16.96215 74.77382 -17.34863 36.26089 -23.38683 -66.02186 -32.53195 2.82383 -18.99654 0.00024 4.897
43 40.93745 -26.92621 -61.60365 18.81538 73.76833 -19.95955 31.03411 -1.88362 21.52717 0.00023 4.421
44 66.46713 32.43247 28.74020 -4.59701 57.53883 -54.10410 -20.59973 20.87688 24.07594 0.00017 4.748
45 40.14850 -53.68117 -41.17879 58.23899 3.23687 52.95796 -16.63227 -27.47593 19.75947 0.00019 5.934
46 -27.55725 51.47902 -52.71824 -69.29603 1.27637 37.48899 12.34914 28.51724 21.59610 0.00023 39.431
47 -63.16516 -29.68433 -41.64210 9.45003 52.58599 -58.60487 23.09983 -24.63914 -17.87763 0.00166 16.734
48 -0.19527 36.66844 69.88071 69.38286 33.34933 -17.15109 -17.92623 29.29890 -15.48102 0.00023 3.731
49 -1.54747 -78.27023 -7.89867 51.31302 5.17926 -59.53809 28.72189 -2.95498 24.45967 0.00023 4.612
50 77.99239 2.73463 -13.52136 13.70436 -4.94753 77.87666 0.76607 -37.81084 -2.64345 0.00024 3.872
51 74.94515 -18.82988 15.40636 -8.26701 -66.17041 -42.12158 11.09741 18.32826 -31.07709 0.00020 4.552
52 -24.15166 41.44841 -62.54287 -59.49906 -50.74751 -10.77581 -21.97931 20.91035 22.55897 0.00025 5.095
53 -61.54007 38.64035 30.30071 12.02716 58.71027 -50.88899 -22.95424 -16.96014 -24.85389 0.00025 3.742
54 -63.51994 46.48409 2.41984 44.75865 61.75277 -19.95086 -6.70526 -7.12809 -36.60978 0.00020 3.763
55 -11.98559 76.33394 -15.82224 -21.08204 -18.31683 -73.85739 -36.00658 -3.55969 11.47387 0.00025 5.254
56 -5.82948 72.34038 -30.35784 -29.38814 -30.39448 -66.68690 -34.99368 2.97847 14.00303 0.00023 15.103
57 -61.55942 38.35917 -30.67042 -47.66228 -33.60720 53.19634 6.26981 28.78152 23.79581 0.00024 28.054
58 -1.45356 -47.19840 65.46291 59.54867 40.87965 33.38622 -25.37329 23.30000 16.91948 0.00101 8.513
59 -5.81210 46.60667 -62.93666 -72.56652 -27.67811 -13.64619 -14.43705 27.31425 21.55106 0.00016 4.733
60 13.25769 47.91075 61.22613 36.77478 50.77635 -47.62679 -32.83060 17.36810 -6.61188 0.00016 6.627
61 -65.81530 43.83531 -0.04426 -0.67433 -0.92245 78.87222 21.18631 31.57140 0.55369 0.00029 4.298
62 -71.64937 -10.16591 -31.43044 -27.54223 58.87325 44.31193 8.59020 24.48617 -27.38811 0.00020 4.194
63 70.38044 -34.91713 -8.69683 -32.91116 -53.92877 -47.82202 7.32671 22.07097 -29.96861 0.00018 4.119
64 -2.16713 -73.14050 29.54697 57.18926 -21.62180 -49.79230 26.13033 9.65515 25.75578 0.00023 3.628
65 -34.72127 -27.72307 64.96293 39.36494 -67.89791 -8.98180 28.07010 13.92286 22.49259 0.00216 3.632
66 28.90268 73.16681 -3.90342 28.21821 -15.00990 -71.80804 -32.44000 11.81225 -15.21272 0.00030 3.966
67 -40.13541 1.74656 67.88504 36.26232 67.26970 19.63694 -27.50410 19.56837 -16.76923 0.00040 27.820
68 70.43587 -23.25033 -27.16516 0.48709 59.40126 -53.80719 16.86592 21.69511 25.31100 0.00150 22.887
69 74.27987 6.16004 25.96470 23.00298 -52.76544 -53.72945 6.40691 27.94098 -24.67554 0.00035 9.200
70 13.42548 40.41195 -67.47913 -68.73344 -25.68221 -34.83174 -17.50658 30.30629 13.99581 0.00106 4.114
71 -15.61215 76.88006 -8.03061 -69.01505 -10.37201 37.09017 16.81660 6.87662 33.28477 0.00019 4.566
72 -70.22261 -19.57427 30.08958 -18.88783 -36.33682 -67.46378 14.63137 -32.10125 13.28978 0.00021 3.590
73 -72.04893 25.24252 18.93645 6.02184 57.04449 -53.58760 -14.97857 -22.95183 -26.00285 0.00027 3.949
74 75.95972 19.30387 8.90537 11.69763 -10.42716 -77.15005 -8.39663 36.22749 -6.17229 0.00026 3.898
75 8.49924 53.39955 -62.73931 -69.29680 32.73401 19.42858 17.92855 23.31020 26.16248 0.00197 3.673
76 -26.04913 -64.37389 -37.15017 -45.71220 44.68224 -45.76224 28.14574 3.15005 -24.90424 0.00031 3.592
77 71.49948 -20.02682 -24.51266 -28.10965 -68.20731 -23.55183 -8.04568 15.38545 -34.36634 0.00152 3.893
78 -42.64229 -40.96165 -52.40482 37.17853 36.78340 -58.86109 26.36835 -26.97506 -0.29722 0.00022 5.576
79 -29.98838 -47.96670 -55.15274 -60.17754 -17.64416 47.95464 -19.84180 28.72920 -14.36085 0.00024 3.738
80 -41.36729 35.15537 57.24934 67.14492 26.22000 32.56205 -2.04764 31.39707 -20.85419 0.00025 3.781
81 -35.53740 70.12158 -0.09415 -70.02323 -35.53879 -8.39847 -3.59177 -1.68985 37.63790 0.00018 5.905
82 -78.08333 8.96771 -4.32587 -9.74319 -77.44600 9.46786 -1.48754 4.78744 37.52757 0.00031 3.895
83 -48.21970 -51.19428 -36.06301 -62.36859 37.08323 30.72550 -1.31291 22.57065 -30.16759 0.00025 4.687
84 55.76953 55.77052 -1.00690 -38.53024 37.03160 -57.72185 -19.33254 19.80377 25.68347 0.00024 4.680
85 26.26496 74.39084 5.50593 49.11312 -22.16604 57.77641 27.18285 -7.16870 -26.18025 0.00163 3.772
86 -6.63621 -62.28706 -48.16262 -25.32780 47.24573 -57.60870 35.79404 5.21975 -11.46602 0.00025 3.746
87 73.01329 2.02783 30.18655 12.87121 69.42889 -35.07748 -13.12393 17.88294 30.69663 0.00021 4.008
88 -30.62188 47.20409 -55.01935 13.63969 -54.70033 -55.00371 -34.20204 -14.87650 6.27203 0.00016 6.715
89 -68.73870 -35.12667 -16.38440 -32.40516 70.13530 -14.38736 10.07222 -2.76514 -36.36229 0.00023 4.414
90 -73.47542 -21.82867 20.11675 29.58689 -49.99357 53.46555 -0.84132 27.43004 26.25159 0.00031 3.711
91 4.60473 -72.68282 -30.01795 -78.01537 -8.50929 7.81148 -5.04750 13.95961 -34.65942 0.00023 4.111
92 71.07265 -11.32776 -32.14653 -28.81258 -60.26760 -42.00483 -8.86285 23.63483 -27.98726 0.00019 4.302
93 -25.14253 -36.38760 65.22240 29.42256 -67.86165 -26.81546 32.94919 7.70553 16.92244 0.00021 4.808
94 -34.58741 -64.80685 28.47929 -5.20447 -29.47637 -72.92909 33.91879 -16.09439 4.14577 0.00022 5.964
95 2.60945 78.57781 5.94801 60.40105 1.88675 -50.77682 -24.41666 2.86521 -28.81301 0.00024 4.219
96 10.55924 2.84775 -77.92117 -1.01722 -78.55850 -3.20114 -37.43880 0.53295 -5.04043 0.00028 4.021
97 -63.50366 -32.31688 -34.03367 -26.96710 71.71473 -17.65009 18.41060 -1.14875 -33.17209 0.00034 3.758
98 -47.21314 62.33553 -6.98200 -12.98627 -18.40761 -75.49376 -29.58711 -21.20535 10.15304 0.00022 5.075
99 69.95151 -36.92646 4.47483 -12.40090 -28.16690 -73.82227 16.52786 30.53932 -13.41593 0.00174 3.580
100 -47.31012 23.93170 -60.03309 -40.87623 44.37070 50.24016 23.10226 29.06219 -5.81423 0.00113 4.237
101 6.59909 -45.72939 -63.93807 23.39548 62.30937 -42.07290 36.01813 -7.24882 8.99067 0.00017 6.166
102 -60.49475 -20.94841 -46.29121 26.84062 -74.49264 -0.20160 -20.56788 -8.40144 30.27823 0.00186 3.642
103 -21.01708 -53.51161 -53.92560 -76.01156 13.09019 16.16991 -0.86959 26.97137 -26.33657 0.00025 4.106
104 -58.85749 -45.23627 -27.10771 -52.11732 55.15079 20.84443 3.39729 15.97735 -34.06293 0.00023 4.794
105 9.28108 77.96725 5.96674 76.86552 -9.89180 14.24483 7.16392 1.90875 -37.07771 0.00021 4.348
106 44.83292 -61.46812 20.03217 -50.17243 -48.59420 -37.08757 19.81681 3.94575 -31.99064 0.00019 4.320
107 22.16725 -74.88159 7.70778 -55.93200 -22.00432 -50.89343 24.30929 4.36513 -28.52492 0.00057 3.897
108 -58.41706 -52.39458 -7.59894 -49.18285 57.60007 -20.64300 9.25582 -5.08903 -36.29100 0.00017 5.560
109 -30.03002 -39.34454 -61.24266 -62.33069 -20.51124 43.36343 -18.03561 31.11855 -11.11466 0.00022 4.706
110 2.05958 42.96977 66.11803 29.83674 60.63071 -40.25251 -34.92475 12.30272 -6.99353 0.00023 5.000
111 77.86001 -9.97972 -6.81949 -12.31160 -66.62917 -40.24855 -0.30816 19.46270 -32.30070 0.00024 5.459
112 -68.42059 -30.43058 24.88264 -23.91981 -7.55873 -74.84184 14.88461 -34.59438 -1.35289 0.00020 4.956
113 -13.73998 48.86925 60.15415 -58.23597 33.50542 -40.79513 -24.53789 -24.73048 14.47367 0.00023 4.668
114 26.19483 -73.77450 6.56818 19.36047 -0.06371 -76.27293 34.41992 13.03908 8.74159 0.00024 5.910
115 47.93680 -36.02365 51.06329 -3.98389 -65.92922 -43.19201 30.02393 11.36788 -20.01235 0.00018 6.979
116 -15.11953 -51.50100 57.39980 -21.21155 -53.63902 -53.74211 35.66092 -12.23037 -1.67339 0.00020 8.150
117 -25.67412 71.85532 19.15645 -58.65221 -7.34612 -52.28289 -22.05912 -14.97657 26.74589 0.00019 7.201
118 32.95302 -63.84480 31.84413 -10.70283 -39.29119 -67.68042 33.98817 11.56175 -12.06656 0.00019 6.192
119 31.26016 44.39249 -57.26233 -70.89805 5.43028 -34.23417 -7.20985 31.14579 20.21303 0.00025 6.420
