0 -18.9431 -63.9512 24.1706 21.6738 -3.3329 64.667 24.6258 -46.044 -38.2583 5639.61
1 31.3931 1.13461 -44.115 20.7187 15.0363 64.2941 4.46615 -77.3306 11.7895 14472.8
2 24.6575 11.3014 -58.6873 -22.6458 -39.6795 -49.1198 -17.4894 67.1167 -19.1331 3348.26
3 -16.7038 -68.8793 16.4958 -2.37874 -15.9474 -77.1296 33.8111 -34.998 2.79197 3593.81
4 12.2759 -7.24398 74.2522 12.9352 74.0751 -2.07028 33.2915 -25.9683 -26.4832 3164.28
5 -14.4114 -63.9768 -35.0196 -34.4811 19.1713 26.4422 -6.18943 41.8131 -65.4883 2610.34
6 31.5733 -37.7985 -21.8463 17.8302 27.6557 63.8803 11.0071 63.3958 -40.7552 4465
7 -36.2837 -18.3232 12.4144 -5.58191 -4.67144 -77.858 8.96216 -76.4614 1.75134 3620.62
8 -16.5477 -49.3225 -50.8226 -33.0935 36.1754 11.7291 7.66572 49.4581 -58.8824 3459.26
9 22.9416 23.7268 -58.1433 26.338 19.7479 53.1699 14.5927 -72.5194 -4.56736 5497.95
10 14.0198 67.6263 -28.2093 8.07151 23.3828 73.4634 34.1634 -33.2292 -5.7947 3617.57
11 37.1021 14.1862 6.73311 6.24318 -38.8749 -67.4641 -4.17732 67.1361 -40.3917 2156.18
12 18.7601 -0.355994 68.5164 -32.8491 -1.26074 39.1163 -0.419514 78.6958 0.937311 15101.3
13 -30.8221 -9.48144 44.6633 20.8017 11.5086 64.7935 6.85196 -77.2354 4.1545 5751.86
14 -9.74382 -4.44383 76.0671 33.5813 29.8449 20.4902 14.3081 -72.7433 3.71332 3638.33
15 37.1457 -10.7083 -10.9995 7.09281 67.2051 38.6187 -1.99279 39.7886 -67.8389 2881.76
16 18.4856 -15.3649 67.0737 -32.3325 -24.7252 32.9254 -6.91621 73.1492 25.2169 4916.13
17 5.18976 19.2383 75.7482 28.6998 47.1352 -20.5214 24.0695 -60.1652 8.14899 4213.62
18 -18.2101 -61.4825 31.7334 27.6884 -8.21011 53.159 18.2039 -48.7142 -48.8818 3140.66
19 -6.54335 30.6494 71.4206 -35.0449 -29.7603 -1.19298 12.6498 -66.189 33.4605 3432.81
20 -4.20532 -8.14204 -77.9657 -22.5929 -62.1867 11.7754 30.014 -47.8184 -2.10693 5172.31
21 -13.0548 -26.2029 69.2382 -24.4738 -46.8901 -37.7493 25.777 -57.5972 -0.708727 4059.59
22 6.64805 22.1852 74.453 35.9565 15.9231 -18.7163 9.73249 -73.9073 18.3018 3157.07
23 4.73841 -31.3647 71.723 12.9583 69.2204 26.5635 35.1557 -21.2161 -19.4861 3161.61
24 31.3232 44.1965 -1.62863 6.23226 -16.3642 76.0646 20.2627 -63.1356 -20.8208 4459.73
25 -24.9864 -22.4499 54.9285 -11.8928 -58.1919 -47.1823 25.8936 -48.2664 31.3676 4032.67
26 -8.48736 -30.2179 -70.6756 -25.8637 -46.7537 33.5066 26.2037 -55.84 10.1394 3578.23
27 23.0356 52.6157 33.7966 4.30132 36.375 -69.4115 29.6136 -46.0858 -16.1221 3330.09
28 -23.1515 6.2794 62.0013 -29.9291 -6.97583 -47.7188 -0.821648 77.9577 -9.14 5748.81
29 -30.5688 -45.5204 -9.37025 14.9977 -30.2664 -65.8197 16.4318 -56.8126 42.4348 2914.1
30 15.434 -15.4784 -70.3904 31.335 38.9342 21.2324 14.6249 -66.7265 28.6273 6267.19
31 -24.2441 18.8693 57.4383 24.8524 52.1083 28.4659 -14.913 55.8483 -45.6832 2149.99
32 12.6459 71.0454 22.0705 9.18779 -29.0999 70.8148 34.4035 -18.2836 -26.9583 2610.38
33 -37.2757 10.4502 9.17229 -5.25714 -13.826 -76.9015 4.1137 76.8575 -14.9091 2449.47
34 -10.9996 9.25243 74.8256 -33.902 -29.8126 -17.9855 12.5548 -72.2526 16.9669 3483.29
35 -2.53043 42.1721 66.5107 -36.8548 -17.0948 4.73238 -8.08768 64.384 -42.1704 3162.11
36 -31.9665 -19.8714 -37.5303 -14.6188 -26.361 67.849 14.1986 -71.5757 -14.5351 4618.7
37 -24.1393 51.3994 32.3987 -28.1013 -29.7733 -43.6884 7.80297 51.801 -57.0878 2615.87
38 -21.5205 -26.7815 -59.135 -25.6026 -25.5802 52.1366 17.6188 -69.5828 3.57031 2891.56
39 31.5535 -7.36064 42.8168 2.19042 78.4488 6.54197 -20.6462 -3.03151 65.9177 1876.75
40 -30.4891 -38.0042 27.3584 -2.66286 -39.6977 -67.9311 22.3036 -56.4977 29.2186 2304.47
41 14.2802 22.8635 -69.3393 -26.3614 -42.3602 -37.5148 23.0661 -62.3957 0.0219574 3778.89
42 17.9284 -4.52439 -69.3088 32.6082 18.3045 35.5023 6.70376 -76.4837 12.542 7482.1
43 -8.93633 -28.826 70.9891 -25.9075 -46.8445 -33.2335 25.9946 -56.4248 -8.64694 3324.6
44 36.1306 -18.6835 14.2745 6.93139 -1.01514 -77.5842 8.89969 76.5614 2.47886 3769.91
45 -16.5479 -49.3225 -50.8233 -33.0935 36.1755 11.7294 7.66597 49.4579 -58.8826 3463.25
46 -6.00751 -30.5958 -71.5946 -37.1585 12.7044 8.1017 4.07902 71.4766 -32.0388 3153.58
47 -27.7166 -52.6632 10.246 -8.26523 3.92352 -76.8276 -24.3883 58.4414 14.3935 4099.42
48 23.0816 40.6428 -47.3529 19.9587 23.7037 62.617 22.2668 -63.1604 -7.06732 2758.8
49 9.63147 23.7519 72.5192 34.408 19.7938 -26.3178 12.472 -72.4881 16.4772 4198.06
50 -19.7652 -54.3916 39.5099 -18.1667 -19.5715 -66.3419 26.6311 -53.5303 -15.8685 3584.24
51 21.3068 44.4315 47.713 6.88761 49.653 -59.5738 30.5053 -42.1837 -19.8569 3446.48
52 19.5058 15.5335 65.7789 -32.0966 19.5994 36.8116 4.37643 74.6902 -23.2694 2297.19
53 30.847 40.6619 -21.2314 10.4075 -59.0698 -47.6449 19.3915 -32.8262 59.1863 3777.94
54 -22.999 -60.3008 17.1853 12.2324 1.0383 74.6666 27.43 -50.8071 -18.8593 4035.02
55 -22.8812 2.05492 62.7885 29.9508 9.9652 47.1694 -3.2006 78.1724 -7.65748 2461.14
56 -37.5905 -6.34281 -6.4611 2.86497 5.99217 -78.4542 -3.23536 78.3122 5.50054 3345.5
57 18.3967 35.4494 59.1396 -31.826 37.3427 20.6749 8.96696 59.7094 -47.8843 3137.96
58 9.02346 8.60113 76.1539 -25.3074 -55.4038 19.3009 -26.5599 55.4429 7.44593 3767.35
59 12.3867 31.3022 67.6943 -35.4738 -1.36455 28.5251 -6.01191 72.3399 -28.7297 2904.44
