0 -30.8301 28.8123 -35.6165 -16.7555 -70.3571 5.46297 14.2558 -20.3879 -70.1821 6616.87
1 52.3178 -12.7256 -29.0867 34.6242 66.844 37.105 42.0096 -38.8147 73.3178 7158.67
2 -29.8438 0.829221 -48.38 15.9004 -56.1352 -44.0241 16.756 54.9455 -44.1971 7989.7
3 25.0888 46.8602 35.5847 13.0053 -61.1551 41.187 25.1212 -15.0976 -56.6809 7539.82
4 -32.7282 -32.6084 22.1874 -18.8169 50.1752 -46.2107 -2.36575 51.1288 59.7617 8238.44
5 -24.0832 -54.542 -26.691 19.5951 -5.21225 -67.0503 21.501 -56.574 31.7016 11537
6 -35.25 -8.59888 -28.1095 12.1201 -55.8002 -49.9388 6.90343 55.3292 -54.708 12594
7 14.8946 -32.2401 65.438 0.0169437 70.8434 35.2078 34.9525 13.7876 -27.7439 14865
8 20.1065 57.2358 34.5089 -25.2329 3.67396 58.4092 19.4783 -53.9956 40.4357 15608.1
9 16.1489 64.9319 29.6865 -18.1714 -11.1615 68.1456 28.897 -43.2788 26.52 7621.6
10 34.8193 29.7843 10.5895 1.23651 -31.3479 72.4655 15.1851 -66.215 -29.8928 12842.8
11 61.2444 13.3992 -13.86 -22.6994 -55.2475 -62.5679 -38.048 54.5999 -59.8369 5142.08
12 33.7953 35.1086 0.677987 16.2296 -67.7652 20.9753 -4.68696 18.4502 75.8902 9135
13 -10.8229 -22.5941 61.3536 -33.2067 23.8592 1.70076 -13.9093 -58.6897 -49.4825 7304.29
14 -17.5322 -69.6594 -4.54071 31.5035 -32.9121 -28.2339 -11.0251 16.7766 -73.5818 6677.37
15 0.00387515 -144.946 -39.9231 -0.015508 -12.1217 159.732 22.5093 -0.855381 10.6025 5660.84
16 37.2109 -13.6499 3.16831 6.78964 76.4717 -11.6574 -0.37563 12.2363 77.8214 7088.58
17 23.4335 82.2798 21.5476 55.2125 -30.7686 51.7355 -28.4257 -7.85405 91.5153 8157.61
18 13.7872 73.1641 4.41423 -21.9507 14.475 62.1016 27.3098 -25.2034 48.195 8757.74
19 -17.3199 -67.9433 17.5637 -32.8596 38.1123 7.52588 -7.30768 -11.8575 -76.5554 8715.15
20 5.67313 67.274 39.3323 35.9134 -20.4105 12.813 -10.1003 -35.3835 67.2007 8469.76
21 -23.2385 -30.7515 -54.1456 -25.664 -14.6717 55.8385 -15.3779 70.8579 -11.677 19443
22 28.4645 -14.0076 49.9637 -24.7047 -21.133 55.6431 -1.63096 74.4385 25.1504 26027.3
23 15.8561 -70.0364 -14.2009 -33.6951 -29.6554 -18.8064 5.42334 20.3697 -75.1462 9531.84
24 -21.1204 9.76794 64.7954 12.3371 74.1793 6.63161 28.8732 -24.6234 44.7152 24530.1
25 9.03753 -32.7809 69.1326 -8.8629 66.8789 36.9912 35.5248 25.3163 -8.14045 14202
26 -30.689 9.87398 -44.8936 -9.98438 -74.7609 12.6761 19.5597 -22.2913 -63.4476 9806.39
27 -7.80388 5.81619 -77.0395 -37 -3.78668 15.6834 1.12668 -78.5171 -6.46256 12541
28 0.432487 77.2316 91.2824 -0.201231 -31.3138 119.797 69.1865 -13.5108 27.6254 7124.4
29 18.1936 69.408 -3.98712 32.1803 -35.1217 22.5694 -8.51938 14.2327 75.7078 8149.73
30 -37.2977 -10.4558 8.12223 -5.85233 34.3639 -69.7411 2.70717 -70.0136 -35.8481 11822.7
31 0.00632052 9.62161 -112.096 -0.00276561 -108.497 -22.0621 22.5009 0.410105 3.71935 6739.36
32 34.9391 5.23174 -29.8192 12.8911 -47.5746 56.6443 6.90029 62.5065 45.8676 13719.4
33 -8.60048 31.5524 69.9184 31.7145 -29.5074 30.5631 18.4297 65.6531 -19.539 5385.77
34 -8.62949 -63.6133 -42.9799 19.9085 28.6863 -60.3317 -30.8657 36.3837 -27.0548 7694.46
35 49.1599 -9.14272 -59.1286 -1.18888 77.425 -13.4687 57.5591 9.91334 50.3658 11072.2
36 34.3633 -30.4073 -12.1589 15.1477 71.7669 5.17642 4.45231 -9.46313 77.5771 18554.6
37 -3.74133 -26.7922 -73.7331 -33.8957 34.1074 -5.16813 -16.2503 -65.6382 27.3815 13781
38 -27.8381 -53.1989 4.20344 23.134 -55.1972 -28.4435 -10.592 18.2591 -73.4118 21390.3
39 -7.06156 5.49178 -97.4261 35.8003 95.0832 49.8116 81.4923 -50.8038 -12.4349 5807.35
40 11.955 -58.8438 46.1971 -34.0615 -4.00061 33.6584 10.924 52.3814 54.5275 12253.3
41 -15.0341 37.3329 61.8791 31.2296 -14.0662 41.8151 14.8281 67.8419 -25.2376 18019.7
42 -32.5251 -16.9476 36.282 2.81089 -74.76 -23.4252 -19.0489 17.3986 -66.01 18767.2
43 31.0434 18.7948 -40.9421 -1.90145 73.7867 26.9259 21.518 -19.8554 61.659 14262.7
44 17.5909 0.806743 -70.2181 -24.7536 -53.0287 -27.9443 -22.7506 58.5689 -24.0357 19014.1
45 16.6328 40.151 58.2401 27.4793 -53.6905 3.23259 -19.7674 -41.1554 52.9495 28000.8
46 12.3389 27.5974 69.276 28.5188 -51.4946 -1.2665 21.5994 52.7518 -37.506 11546.7
47 47.2554 -33.5752 51.8376 46.2051 62.2369 -5.00403 -37.069 34.7009 59.5933 5579.38
48 17.9407 -0.233711 69.3835 -29.302 36.6657 33.3645 15.4724 69.833 -17.1508 7101.73
49 -46.0808 10.7466 104.359 -71.9118 -45.7754 -29.694 18.5723 -73.792 -11.4887 18962.7
50 -0.777326 78.0106 13.691 37.81 2.72485 -4.96448 2.62008 -13.4628 77.8698 7974.07
51 -11.0894 -74.9481 -8.27076 -18.3395 18.8275 -66.152 31.0944 -15.4247 -42.1823 19206.3
52 -29.7647 13.191 -46.9281 -3.02475 -77.2341 -13.8603 -23.1939 -7.38071 61.828 21820.9
53 22.9542 12.028 61.5446 16.9583 58.6944 -38.6408 24.8444 -50.8716 -30.2966 8926.07
54 6.69758 63.5171 44.7456 7.12877 -46.4856 61.757 36.5588 -2.5047 -19.9405 6717.04
55 36.0004 -12.3322 20.9724 3.6881 76.1708 18.1384 -11.0919 -14.8503 73.9067 28363.1
56 34.9928 -5.85833 29.3903 -2.98067 72.3423 30.4026 -13.9984 -30.3326 66.6656 17644.1
57 6.26464 61.5679 47.6589 28.8188 -38.2825 33.4682 23.8188 30.7885 -53.2407 28370.2
58 -24.5245 -53.1426 -27.8589 22.7506 -13.8952 -61.2177 17.4761 -56.4418 41.1139 7578.82
59 14.4413 5.82824 -72.556 -27.3086 -46.5992 -27.6626 -21.5718 62.9582 -13.6325 20218.3
60 32.8434 36.7243 13.252 -17.339 50.7713 47.9379 6.60351 -47.6369 61.1981 28275.9
61 21.1588 -0.694867 65.865 31.5627 -0.861895 -43.813 0.478441 79.0273 0.211011 15882
62 -8.58499 -27.5412 71.6615 -24.4893 58.8843 10.1608 27.3817 44.308 31.4385 10473.5
63 -7.31699 70.399 32.9103 -22.0742 -34.9029 53.935 29.9815 -8.70578 47.8177 10010.9
64 52.2626 -31.0611 28.2946 19.3144 31.2643 82.7962 51.5215 75.5548 -3.8827 5605.11
65 -9.18384 41.6314 64.3484 36.4888 16.6587 12.2395 3.51762 -64.9937 44.2507 4972.81
66 57.5532 43.937 -18.7977 -22.0151 71.5944 -57.652 -12.9643 -46.9838 -86.7013 7325.53
67 -14.5256 -3.42611 37.3994 4.21144 30.1362 35.6097 -5.11223 10.6234 -70.139 7761.31
68 9.97833 0.0975687 -106.972 -14.1282 -0.099599 -85.6719 -0.107562 22.6378 10.2127 6735.41
69 0.0220137 138.357 67.129 -0.0351992 1.46756 158.648 22.364 4.74375 8.38869 6142.8
70 -49.9837 -68.824 39.4359 28.5029 26.6669 123.349 39.9588 -52.4124 7.52672 9503.4
71 -16.8155 -15.642 69.0005 -6.87969 76.8961 10.3969 -33.2624 -8.02677 -37.0863 20572.2
72 14.6356 18.8776 70.2286 -32.1038 36.3483 19.5772 13.2437 67.4014 -30.0879 8541.91
73 14.9827 5.97041 72.0553 22.9644 57.0306 -25.2335 26.0278 -53.4418 -18.8258 9586.24
74 -8.40884 11.6784 75.9651 36.226 -10.4368 19.2852 -6.18656 -77.0921 8.9979 8777.03
75 -19.083 -71.5656 -90.022 -29.1454 -81.2832 72.9018 58.8339 -27.307 18.4093 5425.03
76 -28.1428 -45.7034 -26.0401 -3.14943 44.6787 -64.374 24.9037 -45.7753 -37.2163 6721.65
77 28.6682 35.4758 40.4718 4.43777 23.957 -86.9023 28.0203 -22.1112 -14.9991 8654.15
78 -26.3795 -37.1604 -42.6257 26.9803 -36.7942 -40.9593 0.303576 58.8685 -52.3517 28318.7
79 19.8617 -60.1698 29.9793 -28.7365 -17.6537 47.9647 14.3612 47.9589 55.1944 7803.53
80 -2.06145 41.3605 67.1494 31.3991 -35.1502 26.2356 -20.8648 -57.2432 32.5399 9308.72
81 -3.59158 -35.5561 70.0253 -1.68882 70.1288 35.5342 37.6039 -0.104071 8.39245 28395.5
82 -1.48513 -9.73588 -78.0644 4.78387 -77.4441 8.95253 37.5333 9.50383 -4.31939 7584.95
83 -22.7229 -58.3511 -24.0753 -28.4805 51.1141 -8.00895 -10.4466 -13.1954 74.5661 21089.9
84 19.3385 38.5423 55.7461 -19.8069 -37.0305 55.7749 -25.6869 57.7317 -1.04209 20201.5
85 79.3039 -4.5828 65.4525 26.0125 37.2853 -45.6777 10.0493 -76.6415 -72.4838 7259.98
86 -35.8125 -25.3419 -6.61833 -5.22136 47.2599 -62.2856 11.4276 -57.7747 -48.1822 6747.84
87 13.1233 -12.8653 -73.0056 -17.8835 -69.4418 -2.03155 -30.6901 35.0874 -30.1743 12852.9
88 -34.1954 -30.647 13.6559 -14.8778 47.1872 -54.7079 6.25585 -54.9391 -54.944 28151.9
89 -25.6119 -30.9685 -67.4866 7.38677 69.8536 -35.3621 70.6329 -18.519 -20.6622 15660.5
90 -0.837236 29.6049 73.453 27.4275 -49.9579 21.8208 26.2487 53.4591 -20.0427 6552.89
91 1.05832 26.9689 74.0521 30.8133 -43.1781 14.0885 21.8386 59.9816 -23.0195 11175.1
92 8.8645 -71.076 -28.8144 -23.6345 11.3231 -60.2838 27.9793 32.1351 -41.9738 15830.4
93 -32.9482 -29.4322 -25.1294 -7.71019 67.8662 -36.3748 -16.9116 26.813 65.2025 23762.7
94 33.9244 34.5914 5.19884 -16.0925 64.8043 29.4768 4.13003 -28.465 72.9449 28501.4
95 31.2996 32.9113 30.1151 -17.9612 12.3284 68.2959 11.437 -70.7009 25.8824 12355
96 37.4402 1.00143 -10.5479 -0.533532 78.5576 -2.84968 5.02999 3.214 77.9419 9882.25
97 -18.3991 26.9392 -63.4858 1.16067 -71.7564 -32.3357 33.0983 17.7369 -34.0975 6938.8
98 29.5962 47.2246 12.9668 21.2002 -62.3462 18.4125 -10.1398 7.03353 75.4431 25034.2
99 77.7802 5.57918 -20.2387 -10.5974 61.4731 -91.8474 5.11871 48.7703 118.687 5135.64
100 10.7353 -10.8299 78.6647 48.3207 -23.0005 -2.75164 -32.1776 -75.2396 -11.278 11569.5
101 -36.0202 -23.3989 6.58144 7.2485 -62.3137 -45.7252 -8.99166 42.0676 -63.9571 28149.1
102 61.4276 -3.95552 -76.7699 -57.2024 -34.4187 -73.2676 11.6034 85.7682 1.249 5115.72
103 0.893076 -75.9985 -21.0155 -26.9747 13.0884 -53.5295 26.3781 16.1927 -53.9072 11204.6
104 -18.8115 29.1626 61.9745 -16.2048 -70.1121 11.8853 28.5318 -20.4795 47.7049 19887.6
105 -7.16692 9.25469 76.8757 -1.91261 77.9711 -9.90141 37.0618 5.96401 14.2671 17048.9
106 -19.8185 -44.8459 -50.1668 -3.95506 61.4639 -48.5911 32.0088 -20.0519 -37.0766 16963.7
107 -34.1707 -58.0477 -29.507 -45.3934 22.5269 11.0368 10.101 -23.7421 89.4946 10209.9
108 -28.7335 31.2447 40.4974 5.17209 -52.8244 57.2331 23.9088 49.1266 36.168 27976.4
109 18.0371 -62.3254 -30.0229 -31.1162 -20.5164 -39.3424 11.1141 43.3764 -61.2979 21293.7
110 -17.1703 -55.723 -42.6752 -4.60437 50.9848 -59.0726 33.2526 -21.5468 -30.1983 20567.1
111 -0.317328 -77.8524 -12.3129 19.4595 9.9687 -66.6217 -32.2871 6.82632 -40.2172 28245.3
112 -14.8868 68.4257 23.9092 34.5946 30.4119 7.57133 1.35301 -24.8484 74.8033 23687.6
113 -24.5423 -58.2547 13.7676 -24.7315 33.51 -48.8739 14.4464 -40.7625 -60.1384 17149.2
114 34.4144 26.1961 19.3721 13.0386 -73.7803 -0.0546286 8.72719 6.60203 -76.3029 27917.1
115 -30.0172 -47.9448 -3.95946 -11.3742 36.0162 -65.9349 20.0163 -51.0739 -43.1804 28192.1
116 35.6575 36.3386 6.0657 -12.2001 105.156 2.11835 -1.58892 -3.68511 111.209 28242.2
117 22.0599 -25.6778 58.6626 14.9831 71.8419 7.32097 -26.7194 19.1818 52.2484 28249.4
118 32.6367 39.5129 6.23175 15.3883 -60.8337 38.317 -11.4492 30.4475 68.7834 28233.5
119 -31.5762 -43.4576 1.13299 18.2425 -59.0728 -35.5622 9.79491 -29.1928 70.5872 28277.1
