0 18.943 63.9512 -24.1706 -21.6737 3.33273 -64.6671 -24.6253 46.0441 38.2573 2810.4
1 -31.3931 -1.13428 -44.1148 -20.7185 -15.037 64.2933 -4.4664 77.331 11.7902 6660.75
2 -24.6579 11.3012 58.687 22.6458 -39.6793 49.1197 17.489 67.1176 19.1344 1537.84
3 -16.7039 68.8792 16.496 -2.37819 15.9471 -77.1295 33.8125 34.9942 2.79019 1656.32
4 12.2753 7.24318 -74.2528 12.9349 -74.0744 2.07085 33.2894 25.9726 26.4863 1459.61
5 -14.4115 -63.9769 35.0194 -34.4811 19.1713 -26.4421 -6.18948 41.8132 65.489 1193.89
6 31.5729 -37.7997 21.8456 17.8306 27.6571 -63.8793 11.0067 63.3947 40.7542 2054.89
7 -36.2837 18.3231 -12.4145 -5.58191 4.6704 77.8573 8.96183 76.4625 -1.75053 1674.82
8 -16.5478 -49.3223 50.8233 -33.0935 36.1754 -11.7294 7.66603 49.4577 58.8824 1593.82
9 22.9414 -23.7273 -58.1433 26.3382 -19.7476 53.17 14.5929 72.5184 -4.56682 2538.35
10 14.0196 -67.6268 -28.2093 8.07275 -23.3805 73.4622 34.1593 33.2179 -5.788 1669.61
11 -37.1023 14.1867 -6.7331 -6.24313 -38.8752 67.464 4.17678 67.1391 40.393 997.636
12 18.7604 -0.356462 68.516 -32.849 -1.26116 39.1162 -0.41918 78.6973 0.937189 6961.23
13 30.8232 9.48048 44.6639 -20.8012 -11.5104 64.7937 -6.85431 77.2322 4.15535 2640.15
14 -9.74355 4.44575 76.0669 33.5812 -29.8438 20.4899 14.3079 72.7429 3.71396 1673.08
15 37.1457 -10.7082 10.9997 7.0928 67.2046 -38.619 -1.99326 39.789 67.8396 1327.22
16 -18.4855 -15.3642 67.074 32.3324 -24.725 32.9253 6.91611 73.1501 25.2167 2259.29
17 5.18934 -19.2391 -75.7485 28.6997 -47.1359 20.5215 24.0707 60.1649 -8.14896 1933.27
18 -18.2105 61.4818 -31.7336 27.6879 8.20921 -53.1594 18.2042 48.7154 48.8825 1460.12
19 -6.54389 -30.649 71.4203 -35.0449 29.7602 -1.19297 12.6495 66.1901 33.4597 1587.78
20 -4.20429 8.14235 -77.9659 -22.5931 62.1871 11.7753 30.0144 47.8176 -2.10715 2383.1
21 -13.0551 26.2032 69.2384 -24.4736 46.8907 -37.7492 25.7761 57.5941 -0.710415 1864.37
22 6.64814 -22.1882 74.4524 35.9561 -15.9236 -18.716 9.73254 73.9087 18.3018 1450.71
23 4.73904 31.3658 71.7211 12.9592 -69.2188 26.5633 35.1542 21.2091 -19.4879 1455.24
24 31.3232 -44.1962 1.62859 6.23221 16.3644 -76.0646 20.2633 63.136 20.8193 2062.9
25 -24.9873 22.4524 54.9261 -11.893 58.1919 -47.1835 25.896 48.2586 31.3804 1847.97
26 -8.48688 30.2183 -70.6762 -25.8634 46.7539 33.5059 26.2043 55.8403 10.1417 1661.1
27 23.0353 -52.6158 -33.7963 4.30161 -36.375 69.4114 29.6144 46.0872 16.1199 1537.4
28 23.1516 6.2798 62.0014 29.9291 -6.97567 -47.7189 0.821132 77.9576 -9.13991 2639.81
29 -30.5687 45.5208 -9.37038 14.9978 30.267 -65.8194 16.4315 56.8122 42.4354 1338.73
30 -15.4339 15.4787 -70.3904 -31.335 -38.9344 21.2324 -14.6247 66.7263 28.627 2846.56
31 -24.2434 18.8698 -57.4386 24.8524 52.1081 -28.4661 -14.913 55.8473 45.6828 1000.68
32 12.6454 -71.0453 -22.0714 9.18777 29.0992 -70.8153 34.4058 18.2841 26.9584 1227.93
33 37.2751 10.4492 -9.17286 5.25695 -13.824 76.9023 -4.11103 76.8577 14.9087 1136.37
34 -10.9996 -9.25297 -74.8255 -33.9018 29.8131 17.9853 12.5564 72.2512 -16.9671 1596.14
35 2.53029 42.1712 -66.5115 36.8549 -17.0949 -4.73215 8.08765 64.3831 42.1704 1465.95
36 -31.9665 19.8715 -37.5306 -14.6187 26.3615 67.849 14.1989 71.5748 -14.5344 2145.23
37 24.1391 51.3998 -32.3987 28.1014 -29.7736 43.6881 -7.80359 51.8013 57.0877 1210.57
38 -21.5204 26.7819 -59.1353 -25.6023 25.5805 52.1366 17.6193 69.5828 3.57029 1336.66
39 31.5532 7.36198 42.8181 2.19107 -78.4495 6.53953 -20.6447 3.02621 65.9119 873.158
40 -30.4891 38.0042 -27.3585 -2.66261 39.6981 67.9315 22.3041 56.4992 -29.2171 1069.08
41 14.2802 -22.8634 69.3396 -26.3615 42.3601 37.5149 23.066 62.3961 -0.022002 1740.75
42 -17.9285 4.52577 69.3087 -32.6081 -18.3047 -35.5022 -6.70382 76.4836 -12.5421 3448.3
43 -8.93576 28.828 70.9881 -25.9077 46.8434 -33.2332 25.995 56.4224 -8.64733 1548.53
44 36.1306 -18.6831 -14.2745 6.93083 -1.01722 77.5837 8.90013 76.5597 -2.47761 1739.55
45 16.5476 50.823 -49.3232 33.0935 -11.7286 36.1763 -7.6662 58.8821 49.4589 1589.09
46 6.00759 -30.5956 71.5946 37.1592 12.704 -8.10275 -4.08227 71.4744 32.0424 1454.14
47 27.7169 -52.6628 10.2452 8.26517 3.92449 -76.8279 24.3864 58.4341 14.3941 1862.43
48 23.0819 -40.6431 -47.3518 19.9582 -23.7041 62.6172 22.2663 63.162 -7.07205 1274.56
49 9.63151 -23.7519 72.5195 34.4079 -19.794 -26.3177 12.4738 72.4895 16.4789 1938.44
50 -19.7651 54.3912 -39.5095 -18.1665 19.5714 66.3408 26.6323 53.5231 15.8643 1660.73
51 -21.3068 -44.4318 47.713 -6.88731 -49.6533 -59.5738 -30.5034 42.1813 -19.8549 1593.36
52 19.5058 15.5345 -65.7787 -32.0966 19.6003 -36.8113 4.37659 74.6907 23.2696 1057.8
53 30.8471 -40.6617 -21.2313 10.4074 59.0696 -47.645 19.3916 32.8263 59.1862 1736.85
54 -22.9989 60.301 -17.1851 12.2324 -1.03812 -74.6664 27.43 50.8068 18.8588 1853.91
55 -22.8814 2.05559 -62.7888 29.9507 9.96502 -47.1696 -3.1995 78.1719 7.65686 1140.75
56 37.5905 -6.3426 -6.46107 -2.86486 5.99317 -78.4539 3.2352 78.3124 5.49952 1536.5
57 18.3968 35.4504 -59.1391 -31.8258 37.3431 -20.6748 8.96794 59.71 47.8822 1455.13
58 -9.02293 8.60176 -76.1538 25.3072 -55.4026 -19.3006 26.5565 55.4427 -7.44564 1737.18
59 -12.3872 31.3021 -67.6943 35.4736 -1.36405 -28.525 6.01159 72.3437 28.7317 1338.96
