0 30.8298 28.8127 35.6162 16.7558 -70.3579 -5.46264 -14.2557 -20.3883 70.1814 4571.65
1 26.1588 12.7253 -55.2456 17.3117 -66.8451 19.7918 21.0044 38.8153 52.3139 4547.12
2 -29.8436 0.829137 48.3803 15.9004 -56.1353 44.0234 16.7559 54.9452 44.1971 5135.39
3 25.0888 46.8601 -35.5845 13.0056 -61.1549 -41.1863 25.1204 -15.0972 56.6812 4732.88
4 -32.7286 -32.6074 22.1863 -18.8167 50.174 -46.2102 -2.36701 51.1327 59.7561 5190
5 -24.0825 54.5519 -26.6472 19.5912 5.20838 -67.0592 21.5041 56.5914 31.8532 7255.68
6 -35.2498 -8.59886 28.1094 12.1206 -55.7998 49.9387 6.90344 55.329 54.7078 7889.46
7 14.8942 -32.2397 65.438 0.0172234 70.8434 35.2077 34.9521 13.7865 -27.746 9373.64
8 20.1304 -34.2586 57.2616 -25.2111 -58.5719 3.70866 19.4648 -39.5493 -53.9917 10203.5
9 16.1493 64.9313 29.6853 -18.1701 -11.162 68.1447 28.8937 -43.2799 26.5249 5138.9
10 34.8192 -29.7851 -10.5892 1.23669 31.3484 -72.4652 15.1849 66.2141 29.8937 8289.52
11 -30.6189 13.3924 44.4845 11.351 -55.2502 51.2184 19.0323 54.5696 40.8217 3206.81
12 33.7953 -35.1084 0.677509 16.2295 67.7648 20.9761 -4.6871 -18.4504 75.8897 5816.82
13 10.8628 -61.3088 44.2062 33.2124 -1.65798 -37.4165 14.1666 49.4572 53.9201 4469.14
14 17.5324 -69.6592 4.54201 -31.5037 -32.9123 28.2337 11.0254 16.7764 73.5817 4250.9
15 -29.3103 -13.7958 47.9975 -24.023 15.09 -59.0755 -0.49452 76.0297 20.9111 3518.32
16 37.2103 -13.6482 3.16913 6.79006 76.4727 -11.6553 -0.379468 12.2444 77.8215 4554.18
17 -12.703 25.1717 71.8188 -18.5886 56.5656 -38.2252 31.6008 51.9791 10.6795 5269.24
18 13.787 73.1646 4.41204 -21.948 14.4727 62.0994 27.3058 -25.1989 48.1983 5620.06
19 -17.3199 67.9432 -17.5636 -32.8596 -38.1121 -7.5261 -7.30761 11.8577 76.5551 5566.24
20 -5.67306 -67.2737 39.3322 -35.9138 20.4091 12.8114 10.1003 35.3857 67.2027 5898.65
21 -23.2385 -30.7513 54.1459 -25.664 -14.6718 -55.8385 -15.3779 70.8581 11.6771 12552.6
22 28.4613 -13.9105 50.0602 -24.726 -21.2007 55.5508 -1.69024 74.2795 24.8905 16721.8
23 -15.8543 14.2024 -70.037 33.7006 18.8154 -29.642 -5.44522 75.1038 20.3276 6074.76
24 -21.1204 -9.76801 64.7954 12.3373 -74.1801 6.63164 28.8734 24.6235 44.7152 15821.2
25 9.03751 32.7809 69.1327 -8.86295 -66.879 36.9913 35.5247 -25.3166 -8.14019 9445
26 -30.6891 -9.87357 44.8934 -9.98432 74.7608 -12.6768 19.56 22.2934 63.4491 6441.61
27 7.80373 -5.81462 77.0395 37.0001 3.78548 -15.6835 -1.12663 78.516 6.46254 8086.62
28 -12.7611 69.4852 -27.3065 26.3724 -1.29479 -55.5236 26.7956 35.0345 48.912 4577.54
29 -18.1937 -69.4079 -3.98708 -32.1803 35.1216 22.5694 8.51923 -14.2323 75.7077 5120.11
30 37.2977 10.4554 8.12236 5.85232 -34.3635 -69.7417 -2.70742 70.0138 -35.848 7451.56
31 22.0282 -57.9288 28.2561 -25.1063 -13.7876 57.4962 17.7729 51.8492 46.5774 4240.11
32 34.9391 5.23222 -29.8191 12.891 -47.5767 56.6432 6.90034 62.5066 45.8686 7903.91
33 8.60095 31.5516 -69.9168 -31.7143 -29.5081 -30.5629 -18.4281 65.65 19.5457 3346.15
34 8.62965 63.6132 42.9799 -19.9087 -28.6864 60.3321 30.866 -36.3866 27.0551 4877.12
35 24.5817 9.14068 -59.1305 -0.601116 -77.4227 -13.4685 28.783 -9.90903 50.3362 7606.69
36 -34.3633 30.4073 -12.1571 -15.1477 -71.7671 5.17591 -4.45216 9.46332 77.5768 11947.2
37 3.74213 26.7922 -73.733 33.8961 -34.1079 -5.1672 16.2535 65.6378 27.3896 9032.5
38 27.8382 -53.199 -4.20186 -23.1339 -55.1973 28.4453 10.5921 18.259 73.4109 13548.8
39 -28.6589 51.5428 -3.98331 24.7888 54.24 34.0638 -9.44015 -18.8877 73.1697 3674.47
40 11.955 -58.8438 46.1971 -34.0615 -4.00059 33.6584 10.9239 52.3812 54.5271 8022.75
41 -15.0333 37.333 -61.8799 31.23 -14.0663 -41.8154 14.8281 67.8417 25.2372 12110.3
42 32.5191 16.9465 -36.2862 -2.80558 74.7626 23.426 19.0678 -17.3906 66.0139 12139.3
43 31.0433 18.7955 -40.9421 -1.9014 73.7857 26.9255 21.5176 -19.8563 61.6575 9170.22
44 -17.591 0.806668 70.2183 24.7539 -53.0279 27.9445 22.7497 58.5695 24.0371 12018.2
45 -16.6328 -40.1511 58.2401 -27.4793 53.6906 3.23268 19.7675 41.1559 52.9499 17885.1
46 12.3392 27.5977 -69.2757 28.5184 -51.4959 1.26577 21.6 52.7521 37.5056 7729.34
47 -23.6266 -33.5762 51.8441 -23.1081 62.2243 -5.00615 18.5185 34.6956 59.6084 3781.59
48 -17.941 -0.23916 -69.3832 29.3023 36.6656 -33.3656 -15.4748 69.8235 17.155 4827.92
49 5.65163 68.4729 37.2942 -13.7271 -30.9017 66.5466 34.7208 -23.3195 20.4954 12153.2
50 -0.777826 -78.0107 13.6921 37.8101 -2.72468 -4.96376 2.61948 13.463 77.8702 5190.43
51 -11.0892 74.9482 8.27077 -18.3403 -18.8274 66.1515 31.0954 15.4243 42.181 12160.2
52 -29.7649 13.1902 -46.9278 -3.02444 -77.2332 -13.8609 -23.1937 -7.38099 61.827 13757.9
53 22.9543 -12.0279 -61.5447 16.958 -58.6934 38.6424 24.8447 50.8713 30.2963 5685.37
54 6.69707 -63.5166 -44.7488 7.12911 46.4867 -61.7541 36.5549 2.49964 19.9254 4661.8
55 36.0039 -12.3297 20.9695 3.68186 76.1689 18.1384 -11.1036 -14.8268 73.9206 18526.4
56 34.9927 5.8585 29.3906 -2.98071 -72.3421 30.4028 -13.9985 30.3329 66.6663 11281.3
57 6.26487 61.5681 -47.6584 28.8187 -38.2826 -33.4683 23.8182 30.7875 53.2391 17803.3
58 24.5239 53.143 -27.8558 -22.7498 13.8943 -61.2187 -17.4795 56.443 41.1222 4787.11
59 14.4413 5.82851 -72.556 -27.3086 -46.5991 -27.6626 -21.5716 62.9583 -13.6324 13846.3
60 32.8468 -36.7241 13.2545 -17.3399 -50.7682 47.94 6.61814 47.6342 61.2069 18069.4
61 21.159 -0.694868 -65.8647 31.5626 -0.861817 43.8128 0.478377 79.0278 -0.211075 9999.11
62 -8.58521 -27.5413 71.6615 -24.4894 58.8848 10.1607 27.3824 44.309 31.4384 6676.66
63 -7.31565 -70.3997 32.9101 -22.0752 34.9034 53.9354 29.9844 8.70517 47.8181 6428.24
64 -26.1416 -57.1809 -2.17195 -9.65481 21.609 -73.136 -25.7326 49.7646 29.6556 3571.91
65 -9.18389 -41.6315 64.3484 36.4889 -16.6586 12.2395 3.51724 64.9932 44.251 3099.65
66 32.4484 -28.2257 28.9111 -11.826 14.9934 73.1697 15.3291 71.7606 -3.9249 4854.69
67 -2.11886 53.9548 -57.3401 23.4224 -42.8619 -44.4641 29.5432 37.9441 30.7481 5150.78
68 9.38957 60.0742 -44.7477 -4.42475 -47.3282 -68.8204 37.405 -17.8946 7.52268 4282.45
69 -6.39379 -23.0263 74.2778 -27.9579 52.7786 6.15625 24.6811 53.6917 25.9592 3938.95
70 -23.3856 57.8707 8.64871 -18.9204 -35.6097 57.9163 22.2227 35.0656 49.2862 5993.94
71 16.8164 -15.6411 68.9986 6.8793 76.8971 10.3984 33.2651 -8.03262 -37.0946 13211.1
72 14.6358 -18.8781 -70.2284 -32.1036 -36.3482 -19.5772 13.2434 -67.4008 30.0877 5394.92
73 14.9823 -5.96649 72.0547 22.9641 -57.0291 -25.2345 26.0315 53.4274 -18.8179 6184.17
74 -8.40886 -11.6787 75.9655 36.226 10.437 19.2853 -6.1866 77.0915 8.99784 5505.18
75 -4.19677 68.9791 34.6293 31.7064 27.0707 -30.9817 18.4138 -25.5158 65.3632 3362.64
76 -28.1426 45.7038 26.0405 -3.14996 -44.679 64.3746 24.9027 45.7735 37.2158 4252.33
77 31.7614 -25.9055 -28.8611 -2.80465 52.6321 -61.6423 19.0221 55.3843 44.9989 5246.13
78 -7.74273 -75.5494 15.7757 36.8726 -15.4166 6.68973 -1.62681 16.6374 77.0122 18002.8
79 19.8615 -60.1696 29.9789 -28.7367 -17.6536 47.9646 14.3612 47.9593 55.1948 5003.53
80 2.06136 -41.3609 67.1493 -31.399 35.1505 26.2358 20.8651 57.2441 32.5405 5858.49
81 -3.59139 35.5561 70.0255 -1.68914 -70.1288 35.5341 37.6037 0.104625 8.39218 17784.1
82 -1.48362 -9.73573 78.0648 4.78428 -77.4422 -8.952 37.5355 9.49103 4.32113 4730.01
83 -22.7232 58.351 -24.0753 -28.4803 -51.1141 -8.00872 -10.4467 13.1953 74.5672 13746.5
84 -19.3383 38.5427 -55.7462 19.8071 -37.0303 -55.7752 25.6872 57.7314 1.04176 12587.9
85 -29.5383 50.0772 14.245 10.7056 34.4468 -65.796 22.6257 44.2515 47.3959 4451.45
86 -35.8125 25.3411 6.61809 -5.22144 -47.2602 62.287 11.4284 57.769 48.1809 4161.95
87 -13.1222 -12.8655 73.0058 17.8843 -69.4417 2.03183 30.6907 35.0879 30.1729 8187.71
88 -34.1954 30.6469 -13.6562 -14.8778 -47.1868 54.7083 6.25567 54.9389 54.9454 17891.5
89 -8.54095 -30.7974 -70.3109 7.04277 69.234 -34.4148 36.0968 -20.648 -9.97009 11223.2
90 -0.83729 29.6051 -73.453 27.4274 -49.9578 -21.8208 26.2484 53.4603 20.0435 4225.49
91 1.05921 26.9707 -74.0518 30.8132 -43.1791 -14.0889 21.8402 59.9776 23.0163 7436.48
92 8.86448 71.0755 28.8143 -23.6345 -11.323 60.2838 27.9791 -32.1349 41.9742 10282.4
93 -32.9481 -29.4321 -25.1293 -7.71044 67.8667 -36.3747 -16.9119 26.8137 65.2038 15164.8
94 33.9244 -34.591 5.19967 -16.0924 -64.8039 29.4785 4.13004 28.4648 72.9438 18457.9
95 -31.2994 -32.912 30.1152 17.9611 -12.3279 68.2963 -11.437 70.7012 25.8821 8020.4
96 -37.4402 1.00235 -10.5479 0.533461 78.5583 -2.84845 -5.03006 3.21452 77.9424 6461.67
97 -18.3993 -26.939 63.4857 1.16121 71.756 32.336 33.0984 -17.7359 34.0964 4262.65
98 -29.5962 -47.2243 12.9666 -21.2003 62.3455 18.4113 10.14 -7.03326 75.4437 15793.8
99 -5.02043 6.45136 -77.6933 -22.9868 57.057 10.5201 29.6318 49.8703 -5.16058 3191.78
100 14.7595 71.8426 2.03496 34.7817 -25.2673 10.186 -8.36116 -2.6525 77.4958 7399.26
101 36.0204 -23.3979 -6.58073 -7.24818 -62.3121 45.7261 8.99155 42.067 63.9565 18831
102 26.408 42.6948 32.9916 9.09934 33.449 -66.0446 23.2406 -53.1947 -19.8026 3264.68
103 0.892615 75.9994 21.014 -26.9748 -13.0884 53.5292 26.375 -16.1897 53.9057 7255.1
104 -18.8121 29.1626 -61.9738 -16.2051 -70.1133 -11.8848 28.5375 -20.4717 -47.7114 12711.6
105 -7.1671 -9.25618 76.8752 -1.91172 -77.9712 -9.90104 37.0625 -5.96425 14.2668 10719.8
106 -19.8191 -44.8459 50.1658 -3.95494 61.4646 48.5915 32.0074 -20.0526 37.0754 11007.3
107 NONE 6731.33
108 -28.7337 31.2437 -40.4975 5.17197 -52.8255 -57.2337 23.9085 49.1256 -36.1679 18289.3
109 18.037 -62.3248 30.0224 -31.1163 -20.5163 39.3422 11.1141 43.3762 61.2979 13790.9
110 -17.1703 55.7229 42.6752 -4.60374 -50.984 59.0729 33.253 21.5472 30.1995 12937
111 0.317694 -77.8523 12.313 -19.4594 9.96883 66.6216 32.287 6.82543 40.2169 18468.8
112 -14.8862 68.4261 23.9095 34.5947 30.4119 7.57137 1.35341 -24.8476 74.8029 15921.5
113 -24.5424 58.2545 -13.7672 -24.7315 -33.51 48.8737 14.4463 40.7623 60.1386 11006.7
114 34.4143 26.197 -19.3723 13.0389 -73.7823 0.0551224 8.72723 6.60159 76.3029 17702.5
115 30.0173 47.9445 3.96012 11.3741 -36.0159 65.9338 -20.0163 51.0739 43.1806 19088.6
116 -35.6613 -15.1425 21.187 12.2072 -51.5097 53.6453 1.60461 57.4675 53.7619 18021.7
117 -22.0599 25.6782 58.6624 -14.983 -71.8416 7.32103 26.7194 -19.182 52.2484 17807.9
118 -32.6364 39.5142 6.23147 -15.3888 -60.8354 38.3155 11.4493 30.4481 68.7815 18307.3
119 -31.5761 43.4577 1.13321 18.2425 59.0727 -35.5631 9.79507 29.1935 70.5875 18365.3
