FRAME 0 46
-0.194135 -0.377597 0.101553
-0.227822 -0.363660 0.103877
-0.001470 -0.359267 0.071503
0.038605 -0.383051 0.082617
-0.186726 -0.279903 0.062401
-0.097546 -0.276227 0.046900
-0.075419 -0.244671 0.035606
-0.160743 -0.238084 0.045055
0.136711 -0.255858 0.045968
0.205053 -0.257718 0.059696
0.336403 -0.225900 0.092005
-0.330590 -0.198356 0.082860
-0.172646 -0.192742 0.036384
0.366854 -0.147432 0.087362
0.267922 -0.147165 0.051187
-0.240590 -0.015014 0.031492
0.001544 -0.046380 0.001148
-0.183645 -0.043735 0.019186
-0.046338 -0.043337 0.002147
-0.113858 -0.015136 0.007056
0.017268 -0.081571 0.003712
0.244171 -0.055715 0.034040
0.355861 0.001178 0.070099
-0.301645 0.003111 0.049812
-0.047938 0.003200 0.001231
-0.172580 0.059536 0.017931
0.305618 0.024444 0.051502
0.249935 0.083534 0.037765
-0.276302 0.117147 0.049287
-0.220955 0.134889 0.036417
-0.212253 0.181650 0.042554
-0.060195 0.121038 0.009788
-0.174330 0.178096 0.033701
-0.122911 0.185419 0.026751
-0.003402 0.164696 0.014573
0.352703 0.165585 0.084723
-0.051693 0.239947 0.032672
-0.175003 0.250304 0.051095
0.043932 0.233906 0.030684
0.010001 0.247886 0.033390
0.121204 0.278669 0.050571
-0.351619 0.294669 0.119796
-0.226223 0.341298 0.094054
-0.099585 0.341287 0.069958
0.150462 0.326429 0.071572
0.174595 0.338026 0.080590
FRAME 1 128
-0.187637 -0.363853 0.094205
-0.259739 -0.353543 0.109091
-0.230634 -0.347099 0.097817
-0.251673 -0.313776 0.090768
-0.108410 -0.386631 0.090438
-0.122406 -0.363562 0.082161
-0.028092 -0.359099 0.072029
-0.136080 -0.340202 0.074643
-0.042030 -0.336011 0.063357
-0.078314 -0.329857 0.063510
-0.114246 -0.323560 0.065118
0.065721 -0.357208 0.073288
0.123876 -0.348893 0.076278
0.022782 -0.338180 0.063479
0.008846 -0.315147 0.054655
-0.250873 -0.263596 0.073579
-0.221684 -0.257002 0.063657
-0.199596 -0.240221 0.053606
-0.307947 -0.226050 0.081442
-0.344268 -0.222312 0.094411
-0.004903 -0.291960 0.046679
-0.134330 -0.240001 0.041291
-0.040171 -0.235576 0.031000
-0.076198 -0.229343 0.031715
-0.177415 -0.223400 0.044502
0.240599 -0.284469 0.077289
-0.227707 -0.196245 0.049548
-0.299144 -0.138370 0.059907
-0.335459 -0.134817 0.072588
-0.306481 -0.128194 0.060895
-0.342679 -0.124310 0.073847
-0.277360 -0.121630 0.050315
-0.349832 -0.114208 0.075322
-0.025136 -0.208199 0.023779
-0.140479 -0.179295 0.028117
-0.190518 -0.152518 0.032353
-0.002258 -0.143449 0.011053
-0.074554 -0.131122 0.012225
-0.175825 -0.125252 0.025217
0.113736 -0.127257 0.015682
0.213394 -0.188270 0.044277
0.271181 -0.182487 0.058885
0.235615 -0.173599 0.046897
0.257223 -0.159357 0.050223
0.343731 -0.151729 0.078665
0.221254 -0.150584 0.039051
0.316003 -0.105620 0.061265
-0.262271 -0.094343 0.042432
-0.269377 -0.084170 0.043530
-0.254350 -0.056848 0.036991
-0.261521 -0.046577 0.038457
-0.268649 -0.036356 0.040091
-0.275724 -0.025983 0.041880
-0.282848 -0.015680 0.043866
-0.030677 -0.099843 0.005842
-0.066531 -0.093665 0.007073
-0.167973 -0.087612 0.019359
-0.109778 -0.077004 0.009648
-0.065763 -0.045832 0.003436
-0.167157 -0.039739 0.015894
-0.116134 -0.018804 0.007418
0.186216 -0.094242 0.023548
0.092487 -0.093693 0.009299
0.165168 -0.060783 0.016684
0.187015 -0.046386 0.020033
0.366126 -0.089405 0.079171
0.265749 -0.073904 0.041537
0.223737 -0.006808 0.027140
0.281251 -0.001333 0.043225
-0.326311 -0.001553 0.058680
-0.362243 0.002446 0.072888
-0.297012 0.005210 0.048355
-0.303887 0.015478 0.050803
-0.252248 0.084407 0.038564
-0.036079 0.006259 0.000716
-0.079307 0.022518 0.003635
0.180830 0.011867 0.017698
0.130716 0.041104 0.010077
0.167291 0.080386 0.018573
0.008606 0.082870 0.003713
0.037459 0.087025 0.004804
0.059372 0.101559 0.007417
0.361272 0.016619 0.072637
0.296152 0.023457 0.048362
0.318621 0.083173 0.059795
0.282759 0.091777 0.048429
-0.331852 0.102389 0.066764
-0.215678 0.125777 0.033890
-0.265885 0.150355 0.051206
-0.367466 0.151340 0.088490
-0.338214 0.158170 0.077636
-0.221979 0.181620 0.044993
-0.164318 0.146952 0.026311
-0.077413 0.161593 0.017298
-0.164031 0.192263 0.034740
0.096083 0.140811 0.015643
0.189748 0.140280 0.030212
0.110671 0.165480 0.021401
0.103811 0.175935 0.022548
0.326388 0.118363 0.066723
0.290405 0.127013 0.055262
0.247422 0.145940 0.045137
0.291214 0.172552 0.063305
0.190571 0.185773 0.038606
0.248147 0.191540 0.054013
-0.249796 0.266152 0.074051
-0.061855 0.231822 0.031252
-0.018202 0.260739 0.037208
0.176716 0.251816 0.051962
0.047018 0.258773 0.037685
0.010747 0.264853 0.038290
0.039829 0.268817 0.040289
0.162821 0.272545 0.055446
0.155559 0.282915 0.057405
0.148393 0.293178 0.059531
0.284751 0.228324 0.074040
0.227534 0.267991 0.068479
0.220522 0.278264 0.069903
0.342981 0.277218 0.110318
-0.068084 0.330617 0.062940
-0.046245 0.344836 0.067017
-0.168647 0.379658 0.097169
0.083818 0.340630 0.068170
0.048101 0.346983 0.067973
0.011758 0.353178 0.069218
0.199379 0.309522 0.075397
0.192187 0.319727 0.077493
0.184964 0.329944 0.079774
FRAME 2 25
-0.229371 -0.380113 0.111764
0.042446 -0.365263 0.075115
-0.336224 -0.270547 0.105219
0.050038 -0.235016 0.031311
0.319271 -0.254891 0.093682
-0.016496 -0.213951 0.024885
-0.085069 -0.148806 0.015800
-0.068020 -0.126583 0.011077
0.320913 -0.145374 0.068704
-0.153763 -0.045586 0.013818
0.087549 -0.087444 0.008201
0.123767 -0.049600 0.009529
0.085502 -0.043072 0.004901
-0.165397 0.028882 0.015155
0.035981 0.037908 0.001458
0.119190 0.077263 0.010821
-0.230975 0.195389 0.050148
-0.167866 0.149247 0.027302
-0.132007 0.187470 0.028466
0.310136 0.114681 0.060239
0.242108 0.142017 0.042999
-0.257752 0.203385 0.059365
-0.066684 0.356817 0.073115
0.214108 0.339911 0.090417
0.282206 0.350860 0.115190
FRAME 3 27
-0.197713 -0.337455 0.085615
-0.303282 -0.281808 0.096519
0.138225 -0.266652 0.049489
-0.286953 -0.137136 0.055680
-0.144739 -0.198258 0.032756
-0.055341 -0.179807 0.019098
-0.015780 -0.145584 0.011524
-0.171794 -0.126551 0.024641
0.040223 -0.133698 0.010470
-0.260850 -0.093105 0.041910
-0.263461 -0.080727 0.041472
-0.305177 -0.050409 0.052576
-0.047969 -0.048979 0.002514
-0.050603 -0.036580 0.002085
0.088116 -0.084585 0.008003
0.266044 -0.045314 0.039744
-0.108790 0.015780 0.006477
-0.060743 0.065040 0.004240
-0.110871 0.080352 0.010068
0.241880 0.013966 0.031896
0.239191 0.026309 0.031456
-0.054586 0.144501 0.012832
-0.043011 0.198884 0.022382
0.015646 0.198659 0.021455
0.285078 0.193036 0.065607
0.334980 0.230607 0.092951
0.071696 0.315484 0.057682
FRAME 4 23
0.148485 -0.301151 0.062262
-0.088338 -0.239234 0.035392
0.147335 -0.289251 0.058059
-0.116869 -0.190891 0.027141
-0.025981 -0.172444 0.016380
0.210074 -0.129790 0.033142
0.300028 -0.125640 0.058303
0.254701 -0.121869 0.043579
-0.027834 -0.056018 0.002091
-0.054076 -0.031537 0.002095
0.314894 -0.057378 0.056397
-0.280783 0.001213 0.043084
-0.266105 0.069411 0.041289
0.124677 0.015054 0.008458
0.002824 0.068583 0.002519
0.212119 0.043092 0.025357
-0.189678 0.112259 0.026306
0.066892 0.189474 0.021810
0.180887 0.193344 0.038207
0.223320 0.291012 0.074831
-0.224830 0.349538 0.097270
0.051453 0.369851 0.077666
0.026412 0.382308 0.081997
FRAME 5 18
-0.103887 -0.378063 0.086099
-0.058583 -0.335030 0.063997
0.211337 -0.274255 0.066411
0.000007 -0.207131 0.023212
-0.152543 -0.143478 0.023734
-0.033368 -0.132731 0.010063
0.282417 -0.187483 0.063557
0.042070 -0.017776 0.001115
-0.066160 0.197499 0.023475
0.174998 0.153634 0.029438
0.116845 0.178609 0.024666
0.074722 0.196418 0.023903
-0.003673 0.200611 0.021764
0.200693 0.170321 0.037785
-0.279024 0.220038 0.070095
0.016172 0.275719 0.041688
0.325847 0.252665 0.095741
0.309905 0.259980 0.091949
FRAME 6 35
-0.308849 -0.303912 0.106209
-0.010365 -0.364079 0.073690
0.148211 -0.300786 0.062056
0.278823 -0.336144 0.108008
-0.157436 -0.257084 0.049820
-0.132820 -0.238724 0.040709
-0.039077 -0.229932 0.029492
0.209954 -0.237181 0.055166
0.263176 -0.227037 0.066852
0.361084 -0.192415 0.094053
-0.293026 -0.196974 0.069070
-0.349053 -0.160502 0.082385
-0.121295 -0.195420 0.028668
-0.185141 -0.138818 0.029024
0.173585 -0.157243 0.029746
0.125321 -0.119581 0.016151
0.093776 -0.117134 0.012092
0.318224 -0.158990 0.070154
0.263804 -0.101279 0.043626
0.343230 -0.089033 0.069687
0.364648 -0.076473 0.077262
0.325466 -0.053605 0.059980
-0.340070 0.002713 0.063896
-0.082955 0.086014 0.007651
0.064297 0.105391 0.008169
-0.311266 0.120635 0.061485
-0.196261 0.158110 0.034531
-0.336783 0.206290 0.087302
-0.343846 0.263003 0.105999
-0.082168 0.283795 0.047801
0.024588 0.268059 0.039500
0.248437 0.294377 0.082842
-0.288627 0.331270 0.109402
-0.117170 0.333090 0.069078
-0.142279 0.366648 0.086535
FRAME 7 28
-0.071321 -0.331321 0.063501
-0.179760 -0.322383 0.075841
-0.154444 -0.318633 0.069549
0.218495 -0.361315 0.100634
-0.354657 -0.221012 0.098446
0.126133 -0.223484 0.035860
-0.005361 -0.128952 0.008939
0.048265 -0.120532 0.009047
-0.263551 -0.015436 0.037997
-0.173480 -0.091412 0.020768
0.004299 -0.024914 0.000341
0.095900 -0.074340 0.007897
0.007912 -0.049945 0.001367
-0.240435 0.000935 0.031403
-0.215197 0.004845 0.025083
-0.326060 0.065188 0.061043
0.314667 0.012945 0.054564
0.308463 0.050437 0.053720
0.366353 0.073063 0.077766
-0.260839 0.165312 0.052401
-0.202611 0.109545 0.028777
-0.048360 0.159307 0.014923
0.207420 0.136527 0.033535
-0.032185 0.278075 0.042833
0.286524 0.227104 0.074347
-0.062561 0.325138 0.060509
-0.168910 0.321044 0.073146
-0.009927 0.359978 0.072036
FRAME 8 26
-0.177185 -0.372627 0.095641
-0.126629 -0.314904 0.063572
0.057923 -0.345658 0.067950
0.012952 -0.297367 0.048487
0.136603 -0.268295 0.049639
-0.252941 -0.164116 0.049791
-0.109090 -0.181600 0.024240
-0.097574 -0.158543 0.018663
-0.194096 -0.108081 0.026693
-0.182540 -0.084935 0.021866
0.181110 -0.055930 0.019355
-0.279789 0.029068 0.043180
-0.367928 0.081414 0.079036
-0.065227 0.094818 0.007088
0.095908 0.013459 0.005014
0.148110 0.019432 0.011973
0.178104 0.191673 0.037238
0.161924 0.199395 0.035861
0.239052 0.131862 0.040616
0.194118 0.183872 0.038922
-0.257799 0.202973 0.059270
-0.082775 0.230014 0.032420
0.104783 0.291959 0.052784
-0.127579 0.353945 0.078777
0.140381 0.373632 0.089173
0.293041 0.366033 0.125627
FRAME 9 45
-0.298221 -0.335095 0.114385
-0.011183 -0.327088 0.059030
0.022500 -0.363950 0.073883
-0.186279 -0.291975 0.066373
-0.195632 -0.283472 0.065614
-0.204961 -0.274906 0.065014
-0.006174 -0.285081 0.044453
-0.063462 -0.272674 0.042812
0.070764 -0.276256 0.044461
0.027920 -0.230267 0.029171
0.315275 -0.248939 0.090500
0.280773 -0.250340 0.078844
-0.023242 -0.137152 0.010386
-0.032614 -0.128731 0.009460
-0.041968 -0.120221 0.008695
0.115234 -0.191409 0.027032
0.024717 -0.141505 0.011079
0.053944 -0.128495 0.010424
0.286933 -0.170076 0.061394
-0.350486 -0.076175 0.071381
-0.252664 -0.066198 0.037149
-0.150640 -0.106614 0.018358
-0.059618 -0.064721 0.004142
-0.049148 -0.034724 0.001935
-0.029287 -0.013051 0.000549
0.167775 -0.041131 0.016065
-0.337462 0.031138 0.063449
-0.262662 0.054841 0.039251
-0.372114 0.088981 0.081694
-0.137963 0.000515 0.010215
-0.078639 0.065024 0.005574
0.140870 0.023150 0.010942
0.094017 0.065685 0.007047
0.352610 0.034126 0.069566
0.256726 0.095854 0.040978
0.111004 0.122682 0.014726
-0.003071 0.147953 0.011762
-0.249535 0.221196 0.061359
-0.056238 0.222708 0.028597
-0.018011 0.227510 0.028225
0.141604 0.233654 0.040727
-0.160992 0.358269 0.086319
0.095152 0.335711 0.067411
0.193506 0.351013 0.090078
0.244223 0.370795 0.111902
FRAME 10 28
0.329542 -0.286923 0.108128
-0.220308 -0.256556 0.063157
-0.219483 -0.162666 0.040713
-0.228513 -0.139040 0.038995
-0.091001 -0.209710 0.028317
0.213384 -0.173620 0.041296
-0.272796 -0.087591 0.044883
-0.134557 -0.064305 0.011945
0.194175 -0.059845 0.022298
0.142828 -0.053159 0.012478
0.227530 -0.019296 0.028252
-0.198957 0.006927 0.021394
-0.168329 0.086591 0.019322
-0.073405 0.094893 0.007713
0.019790 0.075840 0.003284
0.296820 0.022522 0.048545
0.292523 0.034377 0.047500
0.204962 0.039722 0.023557
0.287954 0.046165 0.046543
0.283339 0.058013 0.045756
-0.044669 0.147329 0.012735
-0.144085 0.150724 0.023497
0.008695 0.167954 0.015218
0.180299 0.167165 0.032836
0.108819 0.193649 0.026713
0.332807 0.119687 0.069318
-0.029997 0.361779 0.073187
-0.129434 0.365270 0.083899
FRAME 11 14
0.043419 -0.367333 0.076047
-0.266026 -0.284859 0.084853
0.151639 -0.232272 0.041973
-0.320808 -0.131002 0.066386
-0.347775 -0.124548 0.075838
0.033467 -0.186172 0.019279
-0.355531 -0.079588 0.073681
-0.341113 -0.013355 0.064355
-0.021422 -0.032193 0.000798
-0.349803 0.042511 0.068737
-0.055059 0.008409 0.001656
-0.172760 0.261686 0.053990
-0.045453 0.305197 0.052229
-0.128652 0.330772 0.069768
FRAME 12 133
-0.113192 -0.339515 0.071079
-0.034011 -0.324694 0.058745
0.084323 -0.378802 0.084187
0.014181 -0.358033 0.071256
0.011713 -0.328488 0.059577
0.079882 -0.320025 0.060008
-0.221223 -0.279220 0.070398
-0.025377 -0.289018 0.046073
-0.059989 -0.278835 0.044487
-0.130910 -0.257966 0.045797
-0.016070 -0.253135 0.035002
-0.051551 -0.243156 0.033587
-0.086537 -0.232734 0.033516
0.020817 -0.292872 0.047215
0.031855 -0.287115 0.045666
0.100169 -0.278014 0.047844
0.110628 -0.272037 0.047235
0.121824 -0.266051 0.046887
0.133034 -0.259908 0.046677
0.040946 -0.250924 0.035170
0.155099 -0.247318 0.046661
0.051693 -0.244984 0.034089
0.166102 -0.241068 0.046932
0.187965 -0.228285 0.047911
-0.203253 -0.207828 0.046258
-0.240316 -0.168196 0.047122
-0.207288 -0.149035 0.035470
-0.220375 -0.126235 0.035093
-0.266550 -0.122523 0.047133
-0.145763 -0.205537 0.034534
-0.031436 -0.200835 0.022328
-0.169923 -0.188808 0.035105
-0.066721 -0.190464 0.022003
-0.025063 -0.135873 0.010248
-0.163162 -0.123982 0.022695
-0.059902 -0.125534 0.010387
0.025703 -0.199039 0.021756
0.105028 -0.183612 0.024201
0.194978 -0.163234 0.035183
0.010760 -0.146319 0.011563
0.021538 -0.140187 0.010802
0.032604 -0.134010 0.010211
0.043714 -0.127492 0.009749
0.168979 -0.116915 0.022820
0.179750 -0.111248 0.024169
0.205753 -0.157084 0.036486
0.236768 -0.109111 0.037017
-0.233304 -0.103297 0.035426
-0.279298 -0.099584 0.048181
-0.246286 -0.080325 0.036541
-0.202262 -0.055231 0.023771
-0.294580 -0.047274 0.048793
-0.329964 -0.037173 0.060841
-0.364898 -0.027070 0.074437
-0.083848 -0.109008 0.010152
-0.108104 -0.092250 0.010845
-0.147319 -0.023672 0.011962
0.109620 -0.089540 0.010758
0.131637 -0.076860 0.012488
0.199626 -0.068617 0.024099
0.151536 -0.035405 0.013019
0.256549 -0.067125 0.038329
0.219215 -0.027130 0.026422
0.309160 -0.006510 0.052524
0.217316 0.002226 0.025565
-0.299307 0.011146 0.049186
-0.334274 0.021574 0.061953
-0.210924 0.061711 0.026150
-0.257086 0.065892 0.038391
-0.292504 0.076377 0.050135
-0.327371 0.086369 0.063342
-0.149503 0.005739 0.012028
-0.024120 0.016739 0.000460
-0.151543 0.035064 0.013008
-0.142745 0.070533 0.013634
0.022078 0.012508 0.000344
0.044126 0.025133 0.001378
-0.002020 0.029188 0.000457
0.158304 0.029370 0.013944
0.009000 0.035456 0.000715
0.143061 0.081574 0.014593
0.129954 0.104468 0.014962
0.340245 0.041716 0.064990
0.305334 0.052151 0.052709
0.213239 0.060951 0.026638
-0.283344 0.111525 0.050885
-0.243599 0.195027 0.053517
-0.191169 0.103310 0.025558
-0.122836 0.112106 0.014884
-0.100824 0.124969 0.013868
-0.089976 0.131144 0.013603
-0.170966 0.145683 0.027335
-0.057031 0.150133 0.013873
-0.160278 0.151691 0.026371
-0.045653 0.156437 0.014287
-0.034768 0.162656 0.014889
-0.186266 0.197588 0.040231
0.184902 0.135720 0.028521
0.092767 0.143916 0.015785
0.057522 0.154616 0.014644
0.068364 0.160637 0.016416
0.171422 0.158569 0.029580
0.022353 0.164874 0.014898
0.033278 0.171013 0.016348
0.147533 0.175487 0.028495
0.123427 0.192171 0.028276
0.323059 0.123142 0.066152
0.274630 0.156109 0.054885
0.342926 0.164168 0.080645
0.261554 0.179073 0.055274
0.191562 0.200402 0.041973
-0.214618 0.272329 0.066550
-0.039453 0.221035 0.027313
-0.028124 0.227290 0.028435
-0.017157 0.233493 0.029736
-0.179813 0.261935 0.055538
-0.054152 0.272988 0.042308
-0.135672 0.287288 0.055538
-0.192906 0.284689 0.065423
-0.124702 0.293437 0.055943
0.075096 0.225078 0.030556
0.029329 0.229375 0.028997
0.143325 0.233905 0.041078
0.119051 0.250474 0.042003
0.094931 0.266775 0.043833
0.049181 0.271214 0.041481
0.163322 0.275001 0.056309
0.013786 0.281419 0.043388
0.104166 0.302195 0.056237
0.303538 0.232856 0.081702
0.187465 0.258338 0.056072
-0.287015 0.321784 0.105166
0.145881 0.356035 0.082688
FRAME 13 48
-0.045469 -0.327911 0.060434
-0.009478 -0.321527 0.056947
0.156249 -0.375933 0.093070
0.203785 -0.299642 0.072913
-0.113099 -0.279891 0.049964
0.030705 -0.255437 0.036015
0.177476 -0.233300 0.047036
0.057920 -0.211260 0.025968
0.330347 -0.264981 0.101170
-0.330537 -0.178695 0.078646
-0.203815 -0.170320 0.038437
-0.297498 -0.122717 0.057002
-0.001166 -0.201760 0.021982
-0.256082 -0.104201 0.041719
-0.277371 -0.089547 0.046489
-0.201564 -0.016945 0.022095
-0.127986 -0.097980 0.013969
0.096497 -0.051510 0.006407
0.351218 -0.030615 0.068859
-0.307340 0.008078 0.051879
-0.258854 0.037134 0.037233
-0.272938 0.062020 0.042784
-0.094941 0.049544 0.006140
-0.152558 0.057849 0.014315
-0.174110 0.072413 0.019172
0.139597 0.011093 0.010524
0.057493 0.083395 0.005492
0.349796 0.062801 0.070017
0.326678 0.079192 0.062374
0.205800 0.103260 0.028733
0.273355 0.101661 0.046548
-0.287321 0.132790 0.055084
0.123543 0.129582 0.017265
0.168745 0.144880 0.026780
0.273945 0.147722 0.053205
-0.273267 0.199793 0.063290
-0.328786 0.205780 0.084057
-0.341491 0.274660 0.108809
-0.073280 0.218232 0.028721
-0.102382 0.222946 0.032689
0.184131 0.255133 0.054410
0.207448 0.284737 0.068755
-0.334327 0.285160 0.109435
-0.327073 0.295514 0.110169
-0.248652 0.365003 0.110623
0.142831 0.374568 0.090091
0.261125 0.308680 0.091726
0.180049 0.378445 0.098956
FRAME 14 28
0.311731 -0.350324 0.125903
-0.341913 -0.263231 0.105365
-0.243059 -0.181381 0.050481
-0.075518 -0.212128 0.027480
-0.163277 -0.180428 0.032176
-0.190658 -0.126953 0.028452
0.126915 -0.183469 0.026967
0.042397 -0.109934 0.007444
0.254605 -0.123450 0.043781
0.341431 -0.109924 0.071434
-0.198097 -0.098563 0.026521
-0.009453 -0.063180 0.002182
0.103487 -0.093391 0.010435
0.125070 -0.026999 0.008784
0.214568 -0.068697 0.027512
-0.330692 -0.002439 0.060350
-0.249729 0.089932 0.038413
-0.087762 0.031967 0.004671
-0.170205 0.090821 0.020092
-0.099616 0.170650 0.021089
0.154754 0.152849 0.025617
-0.286541 0.267361 0.085969
-0.052801 0.238654 0.032469
0.008397 0.255232 0.035500
0.219897 0.246621 0.060243
0.331902 0.261746 0.100849
-0.293206 0.290818 0.096000
-0.172551 0.333467 0.078584
FRAME 15 19
0.060893 -0.304208 0.052819
-0.274352 -0.235625 0.072559
0.155855 -0.239668 0.044652
0.216141 -0.135318 0.035347
-0.260667 -0.034022 0.037609
0.055284 -0.007190 0.001659
-0.298711 0.027382 0.049282
0.183095 0.032962 0.018643
0.070856 0.053395 0.004207
-0.217575 0.164450 0.040546
-0.052051 0.133993 0.011086
-0.136562 0.157750 0.023512
0.349140 0.169468 0.084099
0.208950 0.186500 0.042812
-0.039761 0.216336 0.026168
0.001572 0.286182 0.044747
0.309295 0.237148 0.084852
-0.033027 0.330825 0.060930
0.070650 0.355117 0.072739
FRAME 16 39
0.001866 -0.320174 0.056345
0.078587 -0.374327 0.081538
0.214858 -0.362609 0.100044
0.292303 -0.353209 0.119699
-0.209379 -0.256576 0.060413
-0.032294 -0.308711 0.052853
-0.077369 -0.269879 0.043007
-0.125087 -0.267132 0.047592
0.133093 -0.242296 0.041667
0.087910 -0.235750 0.034380
0.167779 -0.222251 0.042295
0.231314 -0.285697 0.075042
-0.206833 -0.189606 0.042956
-0.074037 -0.202652 0.025154
-0.131786 -0.141596 0.020164
-0.303540 -0.092722 0.055335
-0.215173 -0.067244 0.027497
-0.082735 -0.017233 0.003815
-0.304134 0.062356 0.052876
-0.203988 0.033113 0.023052
0.182191 0.068738 0.020438
0.259376 0.077943 0.039956
0.313762 0.104536 0.060244
-0.342982 0.098130 0.070497
-0.246347 0.188073 0.052691
-0.085714 0.133863 0.013568
-0.050730 0.153444 0.014029
-0.098544 0.156284 0.018378
-0.063666 0.176001 0.018865
0.180506 0.128372 0.026531
-0.126485 0.229172 0.037269
-0.045928 0.273799 0.042032
0.153124 0.233080 0.042422
0.129398 0.250449 0.043369
0.116554 0.272868 0.048174
0.241305 0.247615 0.066056
0.123239 0.333831 0.070131
0.346556 0.296507 0.118368
0.187380 0.365124 0.094558
FRAME 17 33
-0.043008 -0.371681 0.077955
-0.119004 -0.358885 0.079682
-0.306499 -0.265983 0.092451
-0.038388 -0.271859 0.041131
-0.025394 -0.228826 0.028728
0.233647 -0.277547 0.073095
0.289121 -0.263346 0.085524
0.200441 -0.260481 0.059543
0.131189 -0.187301 0.028335
0.165315 -0.158674 0.028453
0.342652 -0.164294 0.080524
0.155900 -0.004542 0.013073
-0.245414 0.083265 0.036555
-0.217832 0.084277 0.029581
0.046367 0.025365 0.001492
0.172116 0.058320 0.017793
-0.234076 0.176850 0.047116
-0.196132 0.116035 0.028137
-0.043037 0.137980 0.011216
-0.134580 0.145829 0.021256
0.032924 0.125525 0.009031
0.015431 0.159535 0.013812
0.010018 0.190690 0.019666
-0.199280 0.264069 0.060351
-0.092209 0.260175 0.041585
-0.131987 0.262990 0.047407
-0.033882 0.282775 0.044335
0.280432 0.235502 0.074531
0.326956 0.273055 0.102440
-0.240131 0.317308 0.088704
-0.080765 0.367167 0.078734
0.135345 0.333252 0.071794
0.220794 0.310640 0.081017
FRAME 18 23
0.198990 -0.367131 0.098102
0.258701 -0.327597 0.098021
0.127101 -0.274369 0.050084
0.099846 -0.249269 0.039264
0.024839 -0.217078 0.025807
0.201891 -0.224936 0.050041
-0.307843 -0.135074 0.062322
0.189497 -0.190251 0.039264
0.283948 -0.138095 0.054751
-0.135023 -0.023070 0.010057
-0.302788 0.020361 0.050457
-0.040076 0.044572 0.001917
-0.025133 0.054450 0.001919
-0.167744 0.059091 0.017018
0.171952 0.064922 0.018187
-0.326129 0.169563 0.075036
0.330769 0.198888 0.083101
0.083947 0.247589 0.037176
0.156162 0.251699 0.048006
0.272888 0.269863 0.082124
-0.134038 0.333919 0.071771
0.033340 0.340709 0.064714
0.180125 0.378538 0.098908
FRAME 19 26
-0.344957 -0.241897 0.100039
-0.060751 -0.234154 0.031757
-0.249524 -0.163994 0.048837
-0.310572 -0.119716 0.061095
-0.040164 -0.185246 0.019368
-0.079940 -0.150751 0.015664
0.165457 -0.163200 0.029271
0.301533 -0.174678 0.067193
-0.306447 -0.065982 0.053977
-0.015717 -0.053570 0.001664
-0.176437 -0.017754 0.016929
0.012094 -0.058703 0.001918
0.173975 -0.026420 0.016668
-0.100538 0.049778 0.006739
-0.029016 0.093122 0.005089
-0.178120 0.128266 0.026066
-0.073591 0.132323 0.012311
-0.045986 0.156345 0.014278
-0.090267 0.166466 0.019330
0.037260 0.170101 0.016319
0.143528 0.183329 0.029381
-0.095893 0.229636 0.033642
0.177173 0.241306 0.049097
0.160369 0.275935 0.056014
-0.100598 0.360860 0.078127
0.077249 0.388365 0.087758
FRAME 20 42
-0.235542 -0.352675 0.101424
-0.267604 -0.311253 0.094651
-0.140709 -0.324566 0.069313
0.084877 -0.358259 0.075331
0.200398 -0.355583 0.093530
0.150437 -0.268719 0.052032
-0.224260 -0.201865 0.049889
-0.231249 -0.164216 0.043938
-0.344488 -0.143082 0.077416
-0.061167 -0.147294 0.013668
0.033633 -0.198373 0.021848
0.064241 -0.166415 0.017130
0.197468 -0.129519 0.030235
0.264261 -0.192282 0.058815
-0.256216 -0.076908 0.038981
0.000111 -0.083321 0.003710
-0.012473 -0.081610 0.003643
-0.178220 -0.072549 0.019962
-0.080795 -0.024574 0.003812
0.139330 -0.094318 0.015223
0.190827 -0.091923 0.024244
0.037673 -0.089218 0.005016
0.025223 -0.087134 0.004399
0.050124 -0.007641 0.001372
-0.018274 0.049501 0.001486
-0.092093 0.070877 0.007231
0.051304 0.085622 0.005330
0.038783 0.087615 0.004910
0.026274 0.089509 0.004653
0.236167 0.041599 0.031192
-0.270931 0.169270 0.056116
-0.145347 0.146312 0.022968
0.105143 0.191482 0.025809
0.004968 0.206660 0.023078
0.238719 0.145050 0.042586
0.114627 0.257235 0.043304
0.166052 0.259727 0.052140
0.014451 0.272425 0.040576
0.328804 0.239589 0.092888
0.151713 0.339111 0.076759
0.001456 0.361878 0.072669
0.258541 0.374224 0.117749
FRAME 21 31
-0.219276 -0.324225 0.085671
-0.163320 -0.354281 0.085075
-0.105523 -0.353967 0.075874
0.127215 -0.324152 0.067111
0.259848 -0.293344 0.085887
-0.032221 -0.298497 0.049403
0.040868 -0.296829 0.049200
0.237700 -0.227406 0.059645
-0.230676 -0.158557 0.042788
-0.025945 -0.206554 0.023419
-0.123803 -0.121358 0.016178
0.184377 -0.112903 0.025284
-0.224460 -0.014811 0.027403
-0.173043 -0.052766 0.017631
-0.131178 -0.002117 0.009230
-0.022211 0.012173 0.000342
0.006457 0.038139 0.000799
0.167579 0.094991 0.020015
-0.140993 0.138301 0.021051
-0.021068 0.146616 0.011782
0.096025 0.175656 0.021636
0.084887 0.181697 0.021714
0.238195 0.118170 0.038520
-0.217443 0.209401 0.049962
-0.235511 0.229114 0.059499
-0.278515 0.282146 0.088008
0.088018 0.292792 0.051284
0.191972 0.297804 0.069576
0.036598 0.330997 0.061176
0.073666 0.372143 0.080234
0.155290 0.388972 0.098817
FRAME 22 24
-0.330136 -0.334738 0.126444
0.087948 -0.372119 0.081543
0.064633 -0.243611 0.034523
0.060827 -0.212996 0.026551
-0.057726 -0.160574 0.015663
-0.136639 -0.147763 0.021862
-0.049490 -0.132680 0.010759
0.141497 -0.114569 0.017853
-0.080548 -0.098492 0.008676
0.259271 -0.002205 0.036576
-0.333389 0.072144 0.064273
-0.164984 0.053913 0.016211
0.187494 0.015803 0.019080
0.032176 0.021628 0.000802
0.012918 0.052707 0.001572
0.037698 0.102541 0.006389
0.363738 0.023996 0.073791
-0.343524 0.153515 0.078840
-0.237266 0.170265 0.046657
-0.179441 0.110021 0.023940
0.154188 0.158831 0.026515
-0.212432 0.220001 0.051297
-0.130208 0.209731 0.033094
0.049270 0.385264 0.084263
FRAME 23 23
-0.327186 -0.154860 0.072708
-0.094445 -0.180395 0.022382
-0.215647 -0.074582 0.028194
0.191991 -0.051038 0.021291
0.033170 -0.013732 0.000688
0.267773 -0.053898 0.040676
-0.219406 0.009623 0.026088
-0.061206 0.016260 0.002142
-0.071621 0.085249 0.006636
-0.099714 0.087922 0.009474
0.264169 0.030347 0.038503
-0.105007 0.145658 0.017358
-0.065705 0.194072 0.022665
-0.004141 0.130942 0.009199
0.101158 0.198619 0.026884
0.084577 0.205383 0.026694
-0.224313 0.233858 0.057788
0.133815 0.231352 0.038906
0.117450 0.238510 0.038489
0.205001 0.239733 0.054662
-0.089555 0.325236 0.062800
0.176339 0.335677 0.080107
-0.000583 0.353066 0.069029
FRAME 24 36
-0.108058 -0.373581 0.084537
0.361254 -0.287465 0.121662
-0.290711 -0.271255 0.088567
-0.291891 -0.210070 0.071779
-0.103330 -0.253830 0.040984
-0.103626 -0.241654 0.037657
0.258561 -0.238682 0.068601
0.258253 -0.226418 0.065231
-0.140821 -0.204128 0.033420
-0.012330 -0.129113 0.009022
-0.113519 -0.116900 0.014281
0.111269 -0.124858 0.015050
0.277567 -0.112058 0.049111
-0.265223 -0.085974 0.042452
-0.309153 -0.070395 0.055289
-0.020679 -0.065493 0.002521
-0.093404 -0.026963 0.005058
-0.367836 -0.000425 0.075238
-0.296941 0.046673 0.049534
-0.044481 0.052286 0.002519
-0.080499 0.065592 0.005773
0.028681 0.013886 0.000542
-0.247845 0.138215 0.044016
-0.139786 0.147907 0.022373
-0.175436 0.148603 0.028652
-0.074695 0.160689 0.016912
-0.154662 0.189615 0.032522
-0.140724 0.245368 0.043724
-0.083673 0.273422 0.044706
0.090840 0.234719 0.034443
0.119788 0.236717 0.038352
0.025537 0.246115 0.033269
0.111265 0.336797 0.069748
0.045812 0.348330 0.068377
0.336889 0.316767 0.122088
0.307811 0.327370 0.114807
FRAME 25 32
0.068777 -0.290307 0.048760
0.327240 -0.236365 0.091403
0.283262 -0.198546 0.066181
-0.194771 -0.180029 0.038317
0.005288 -0.210891 0.024054
-0.180566 -0.204712 0.040637
0.116006 -0.186862 0.026176
0.117846 -0.127763 0.016260
0.276075 -0.131933 0.051361
-0.271717 -0.014487 0.040374
-0.177302 -0.086489 0.020999
-0.063171 -0.029346 0.002592
0.235448 -0.084722 0.034026
0.341266 -0.066851 0.066913
0.263714 -0.048329 0.039171
0.241032 -0.016149 0.031672
0.355303 -0.006138 0.069991
-0.236768 0.064259 0.032684
-0.241936 0.081174 0.035416
0.277937 0.012423 0.042252
0.165520 0.123288 0.023010
0.186924 0.202813 0.041509
0.336220 0.120788 0.070772
0.192045 0.185824 0.038910
-0.152043 0.258467 0.049274
-0.083631 0.270822 0.043893
0.181564 0.219686 0.044391
0.292510 0.220553 0.074574
0.287266 0.237463 0.077305
0.350722 0.243375 0.102882
0.268322 0.340831 0.106441
0.266676 0.366945 0.117104
FRAME 26 27
-0.234541 -0.245255 0.063578
-0.245934 -0.239893 0.065223
-0.093882 -0.271599 0.045131
0.094343 -0.229151 0.033348
-0.095468 -0.178226 0.022063
0.003871 -0.144327 0.011185
-0.118840 -0.136580 0.017648
0.351009 -0.181353 0.087323
-0.288679 -0.086693 0.049778
-0.217339 -0.018493 0.025730
0.171419 -0.001529 0.015807
0.206639 -0.079596 0.026529
-0.231438 0.069196 0.031657
0.102252 0.092919 0.010237
0.203190 0.033798 0.022910
-0.043958 0.142476 0.011934
-0.066722 0.153417 0.015049
-0.078042 0.158686 0.016830
0.083681 0.142311 0.014651
0.143049 0.174071 0.027478
-0.242952 0.215890 0.058145
-0.352777 0.266737 0.110884
0.127336 0.282466 0.052684
0.054291 0.307312 0.053468
-0.163679 0.319794 0.071567
-0.091135 0.325597 0.063097
0.295380 0.321783 0.107982
FRAME 27 25
0.217993 -0.300664 0.076699
-0.250453 -0.177058 0.051597
-0.082388 -0.204674 0.026334
0.234478 -0.125418 0.038505
-0.198732 -0.015141 0.021432
-0.130723 -0.095685 0.014104
-0.132969 -0.067466 0.011934
-0.190754 -0.054530 0.021234
0.044112 -0.007644 0.001070
0.355078 -0.089323 0.074460
-0.211694 0.035179 0.024893
0.186991 0.028859 0.019292
0.036194 0.031663 0.001234
0.179127 0.068123 0.019798
0.277508 0.067130 0.044536
0.206600 0.094189 0.027913
-0.266135 0.146701 0.050623
0.165775 0.118792 0.022453
0.141735 0.191613 0.030804
-0.221028 0.265813 0.066071
0.152982 0.250821 0.047227
0.147419 0.261985 0.049507
-0.248428 0.358111 0.107479
-0.003082 0.383015 0.081821
0.183399 0.330262 0.079485
FRAME 28 48
-0.214498 -0.337776 0.089675
-0.199393 -0.315844 0.077620
-0.163431 -0.377145 0.094908
-0.148446 -0.355467 0.082797
-0.004646 -0.331886 0.060723
0.047262 -0.372486 0.078472
0.331430 -0.326648 0.123641
0.000511 -0.302321 0.050082
0.337057 -0.229792 0.093404
-0.278523 -0.119872 0.050390
-0.039989 -0.203586 0.023246
-0.004078 -0.197878 0.021130
-0.235815 -0.018645 0.030334
-0.052396 -0.026414 0.001838
0.018837 -0.081560 0.003744
0.150410 -0.016484 0.012291
0.093371 -0.005623 0.004678
0.243621 -0.089081 0.036600
0.365539 -0.084464 0.078340
0.280266 -0.084571 0.046878
0.265391 -0.039496 0.039215
-0.301172 -0.002367 0.049695
-0.346125 -0.001373 0.066234
0.038406 0.070462 0.003441
0.342099 0.034085 0.065310
0.284410 0.046342 0.045384
-0.350990 0.135910 0.078871
-0.299806 0.163434 0.064394
-0.009100 0.173758 0.016288
-0.019168 0.181402 0.017917
0.000917 0.166026 0.014818
0.147462 0.185768 0.030498
0.313707 0.123221 0.062678
0.208520 0.138699 0.034068
0.295988 0.203229 0.071475
-0.154297 0.251897 0.047754
-0.091921 0.270196 0.044498
0.040229 0.235246 0.030886
0.170734 0.234048 0.045884
0.083647 0.268146 0.043068
0.073687 0.275863 0.044540
0.144134 0.320848 0.068483
0.134299 0.328706 0.069845
0.124353 0.336452 0.071333
0.114216 0.343931 0.072876
0.091526 0.394412 0.091940
0.228553 0.322126 0.087260
0.340818 0.334041 0.130548
FRAME 29 21
-0.128370 -0.343646 0.074774
0.205234 -0.349649 0.092229
0.216961 -0.312980 0.080858
0.120919 -0.274161 0.049190
-0.030312 -0.140404 0.011072
0.262108 -0.114842 0.044755
-0.038368 -0.082901 0.004462
-0.162380 -0.013337 0.014270
0.055074 -0.094830 0.006438
0.074173 -0.053535 0.004475
0.055935 -0.021832 0.001925
0.129270 -0.012800 0.009046
-0.094983 0.001387 0.004826
0.110981 0.018827 0.006784
0.236680 0.047492 0.031621
0.125742 0.164245 0.023111
0.301812 0.201661 0.073144
-0.309021 0.216680 0.079351
-0.009669 0.270099 0.039815
0.068939 0.335988 0.065014
0.165873 0.370278 0.092374
FRAME 30 52
-0.210378 -0.355741 0.095959
-0.067883 -0.390236 0.087735
0.046408 -0.380727 0.082000
0.096907 -0.334737 0.067136
0.343189 -0.285721 0.113120
-0.206877 -0.243215 0.056018
-0.014232 -0.303929 0.050719
-0.008383 -0.269542 0.039601
-0.170482 -0.259783 0.052962
0.030438 -0.292187 0.047189
0.230584 -0.274558 0.071229
-0.325151 -0.196833 0.080459
-0.341711 -0.155480 0.078406
-0.052838 -0.209049 0.025120
-0.170255 -0.187798 0.034901
0.005438 -0.134947 0.009774
-0.064055 -0.133659 0.011784
-0.019400 -0.122087 0.008182
0.108661 -0.193731 0.026680
0.183604 -0.135653 0.028203
0.266652 -0.121545 0.046952
-0.251601 -0.085452 0.038423
-0.221241 -0.064320 0.028737
-0.008278 -0.028096 0.000457
0.008613 -0.069276 0.002601
0.360587 -0.085435 0.076304
0.282827 -0.065142 0.046031
0.319495 -0.056526 0.057903
-0.224411 0.064442 0.029523
-0.101051 0.077644 0.008697
0.139046 0.022207 0.010629
0.094113 0.107976 0.011001
0.227152 0.095892 0.032986
-0.025990 0.135824 0.010250
-0.107117 0.140557 0.016798
-0.076686 0.187106 0.022056
-0.043337 0.202042 0.023044
0.159972 0.163070 0.028241
0.134981 0.176252 0.026650
0.254077 0.199417 0.057363
-0.251093 0.250727 0.069708
-0.296227 0.264201 0.088123
-0.135886 0.210211 0.034014
-0.083282 0.275014 0.045097
0.117528 0.242408 0.039519
0.103479 0.278032 0.048150
0.200553 0.256716 0.058387
0.311113 0.251641 0.089632
0.236699 0.265863 0.070167
-0.164952 0.305538 0.066633
0.172088 0.326916 0.075820
0.110498 0.356264 0.077355
FRAME 31 14
0.119364 -0.358933 0.079665
0.254773 -0.367202 0.113342
0.076145 -0.263495 0.041003
-0.361852 -0.177642 0.091052
0.040532 -0.189916 0.020325
0.022042 -0.133826 0.009859
0.305020 -0.072307 0.053940
-0.257439 0.053011 0.037585
-0.189685 0.028089 0.019813
-0.097273 0.029312 0.005519
-0.038749 0.085769 0.004734
0.273525 0.228586 0.070386
0.111378 0.356353 0.077519
0.014218 0.385513 0.083017
FRAME 32 18
0.276105 -0.316561 0.099360
-0.225477 -0.245260 0.061187
0.282256 -0.254955 0.080616
-0.363263 -0.150534 0.086441
-0.284062 -0.144319 0.055799
0.358940 -0.176626 0.089628
0.208843 -0.055514 0.025243
-0.095975 0.003468 0.004932
-0.168492 0.058968 0.017151
0.026619 0.063199 0.002511
0.007375 0.083918 0.003792
-0.346370 0.167603 0.082598
-0.130454 0.117617 0.016600
-0.042649 0.130075 0.010047
0.061370 0.233140 0.031525
0.313419 0.231033 0.084673
-0.179182 0.308652 0.070582
0.247851 0.309318 0.087904
FRAME 33 17
0.226763 -0.231206 0.057687
-0.035351 -0.122876 0.008757
-0.227870 -0.072191 0.030972
-0.172816 -0.089573 0.020422
-0.067427 -0.087322 0.006512
-0.126883 -0.042987 0.009617
-0.075058 -0.035721 0.003691
0.039769 -0.087354 0.004924
0.171418 -0.061069 0.017823
0.056552 -0.019651 0.001913
-0.059538 0.044441 0.002947
0.122808 0.090331 0.012474
-0.253422 0.117522 0.042568
0.173462 0.120063 0.024034
0.009530 0.129482 0.009030
0.270715 0.226952 0.069074
0.298428 0.228443 0.078595
FRAME 34 26
-0.109571 -0.375244 0.085437
-0.159126 -0.358676 0.086116
0.089396 -0.380789 0.085542
0.141040 -0.342226 0.076209
0.092901 -0.330828 0.065281
-0.264288 -0.294546 0.087666
-0.083052 -0.253630 0.038810
-0.160833 -0.145005 0.025366
-0.103472 -0.137606 0.015953
0.039712 -0.155335 0.013819
0.095689 -0.143285 0.015977
0.241825 -0.122616 0.040085
0.121596 -0.093695 0.012660
0.023732 -0.065931 0.002624
0.061559 -0.019481 0.002227
-0.253389 0.036361 0.035644
0.050068 0.043434 0.002347
0.269133 0.106416 0.045813
0.019005 0.145455 0.011553
0.358425 0.119822 0.079593
0.262206 0.202920 0.060619
-0.332490 0.197771 0.083589
-0.075622 0.211787 0.027386
0.116233 0.242670 0.039463
0.096683 0.281255 0.048451
-0.123105 0.330892 0.069056
FRAME 35 23
-0.221161 -0.329733 0.088359
0.159663 -0.325472 0.073040
0.124847 -0.321663 0.065903
-0.012979 -0.280041 0.042960
-0.142972 -0.273186 0.052233
-0.012277 -0.221964 0.026776
-0.258078 -0.156024 0.049903
-0.062870 -0.190320 0.021708
-0.072932 -0.133252 0.012406
0.058922 -0.114446 0.008892
0.273045 -0.166746 0.056364
-0.247892 -0.017400 0.033583
-0.114296 -0.020784 0.007236
0.008234 -0.082780 0.003703
0.329790 -0.063422 0.062309
-0.089447 0.032091 0.004836
0.224270 0.086288 0.031365
0.109249 0.203199 0.028872
0.360191 0.172701 0.089497
-0.234974 0.220598 0.057227
0.166795 0.274531 0.056835
0.023402 0.286912 0.045356
-0.258205 0.347203 0.105990
FRAME 36 37
-0.108884 -0.366959 0.081677
-0.032899 -0.343124 0.065650
-0.034775 -0.289421 0.046458
-0.312233 -0.200461 0.076529
-0.181743 -0.124464 0.026238
0.297137 -0.175125 0.065732
-0.208690 -0.065506 0.025866
-0.132921 -0.041730 0.010407
-0.019312 -0.025167 0.000537
0.178220 -0.030374 0.017592
0.352390 -0.084101 0.072809
0.287480 -0.037479 0.045940
-0.216197 0.018465 0.025449
-0.244402 0.019311 0.032615
-0.296413 0.082888 0.051949
-0.183425 0.079864 0.021588
0.214079 0.035400 0.025450
0.273917 0.057443 0.042739
0.224668 0.086777 0.031456
-0.014925 0.187518 0.019061
0.065801 0.142426 0.013218
0.128797 0.149448 0.020988
0.082318 0.182817 0.021684
0.113696 0.186268 0.025745
0.319349 0.116635 0.063800
0.347673 0.135137 0.077380
-0.264941 0.237120 0.070020
-0.117662 0.222579 0.034429
-0.041366 0.265719 0.039386
0.234161 0.230684 0.059497
0.340501 0.238618 0.097217
0.262632 0.249250 0.072722
-0.291055 0.334432 0.111422
-0.027741 0.321078 0.057117
0.316794 0.301576 0.108251
0.273279 0.319859 0.099666
0.308096 0.327648 0.114890
FRAME 37 18
0.197238 -0.325170 0.080584
-0.342079 -0.247667 0.100484
-0.240695 -0.238261 0.063296
-0.267519 -0.214588 0.064963
0.318148 -0.214872 0.082190
-0.141089 -0.190561 0.030472
0.189594 -0.153885 0.032351
0.361571 -0.110497 0.079596
-0.294533 -0.053653 0.049074
-0.028396 -0.046162 0.001567
-0.154560 -0.041167 0.013742
-0.109486 0.024592 0.006738
-0.067353 0.059025 0.004286
-0.262897 0.132179 0.047364
-0.068181 0.246367 0.035515
0.079684 0.224778 0.030833
0.124648 0.261381 0.045833
-0.175002 0.352460 0.086564
FRAME 38 21
-0.201512 -0.290774 0.069429
-0.224394 -0.239269 0.059359
-0.129008 -0.284321 0.053606
-0.037226 -0.255999 0.036457
-0.142516 -0.241368 0.042954
-0.050758 -0.212869 0.025940
-0.083209 -0.153010 0.016347
-0.029335 -0.052300 0.001923
-0.076985 -0.049271 0.004473
-0.009839 -0.030323 0.000543
-0.105525 -0.024089 0.006279
0.070471 -0.093258 0.007327
0.100055 -0.002103 0.005365
0.226626 -0.090161 0.032335
-0.346312 0.024718 0.066771
0.350389 0.066527 0.070607
-0.273139 0.241360 0.073884
-0.047107 0.213365 0.025860
-0.076088 0.293761 0.050553
0.124466 0.234481 0.038433
-0.331753 0.324821 0.123265
FRAME 39 12
-0.094434 -0.325175 0.063301
0.157826 -0.301401 0.063927
-0.224325 -0.260816 0.065414
0.342639 -0.269494 0.107539
-0.100357 -0.174241 0.021822
-0.065093 0.070591 0.004931
-0.095270 0.080745 0.008357
0.063611 0.018771 0.002349
0.028784 0.079309 0.003805
0.129402 0.089148 0.013266
0.166099 0.156882 0.028273
0.280400 0.168771 0.058993
FRAME 40 16
-0.102988 -0.373425 0.083791
0.127143 -0.368696 0.084992
-0.163754 -0.276964 0.056955
0.285619 -0.154410 0.058033
0.238924 -0.136246 0.041262
-0.311223 -0.085903 0.057361
0.002604 -0.028192 0.000428
0.111170 -0.069070 0.009183
0.182310 -0.050755 0.019303
-0.241586 0.034278 0.032318
-0.214444 0.042515 0.025852
-0.348622 0.081492 0.071071
0.171653 0.062065 0.017945
0.170688 0.107573 0.021972
-0.263581 0.249147 0.073019
0.300536 0.228864 0.079494
FRAME 41 29
0.300196 -0.341501 0.117504
0.264259 -0.248330 0.072892
-0.226769 -0.194080 0.048731
-0.152490 -0.171692 0.028528
0.368155 -0.174395 0.093026
0.210711 -0.122984 0.032268
0.276568 -0.111352 0.048618
-0.294454 -0.041340 0.048350
0.289948 -0.029890 0.046415
-0.201029 0.024511 0.022112
0.102895 0.023014 0.005942
0.049580 0.068229 0.003798
0.281395 0.039499 0.044052
0.037252 0.144254 0.011902
0.106635 0.149087 0.018074
0.008706 0.170332 0.015628
0.089302 0.181125 0.021985
0.355070 0.197242 0.092451
-0.147216 0.218789 0.037812
-0.136174 0.225034 0.037613
-0.113897 0.237125 0.037623
-0.102632 0.242890 0.037805
-0.168155 0.257570 0.051843
-0.123591 0.281664 0.051838
0.032386 0.233107 0.029989
0.356183 0.248130 0.106429
0.233470 0.262068 0.068103
-0.092573 0.357690 0.075791
0.239750 0.383578 0.116208
FRAME 42 63
-0.245344 -0.345978 0.101471
-0.189050 -0.343115 0.085806
-0.064346 -0.380215 0.083013
-0.132562 -0.374414 0.088330
-0.041425 -0.360298 0.073019
-0.075529 -0.340111 0.067165
-0.120855 -0.314430 0.062633
0.027421 -0.334493 0.062156
0.235618 -0.366541 0.107460
0.247464 -0.340721 0.099937
0.212687 -0.317560 0.081478
-0.233648 -0.285935 0.075812
-0.188509 -0.277398 0.062069
-0.345019 -0.228722 0.096375
-0.097890 -0.294499 0.052876
-0.154318 -0.262972 0.050987
-0.063127 -0.248675 0.035802
-0.131294 -0.242777 0.041565
-0.051299 -0.222884 0.028336
-0.107731 -0.191374 0.026095
-0.106500 -0.128469 0.014976
0.169381 -0.128998 0.024505
0.077522 -0.105788 0.009222
-0.329763 -0.045654 0.061122
-0.261749 -0.017131 0.037458
-0.002784 -0.091446 0.004476
-0.070353 -0.054254 0.004221
0.125376 -0.040275 0.009298
0.357301 -0.089220 0.075390
0.324522 -0.006274 0.058003
-0.114188 0.000138 0.006982
0.034886 0.011365 0.000718
0.151238 0.036885 0.013019
0.269668 0.088000 0.043961
0.363680 0.090474 0.078194
-0.346649 0.114015 0.073965
-0.073854 0.159785 0.016680
-0.027931 0.165679 0.015184
-0.084954 0.165504 0.018650
0.085664 0.134053 0.013601
0.098211 0.156920 0.018465
0.168546 0.176740 0.032381
-0.004127 0.182698 0.017990
0.008398 0.205325 0.022807
0.169935 0.205158 0.038660
0.112140 0.208301 0.030350
0.247915 0.130905 0.042916
0.319253 0.147837 0.068545
0.215237 0.179433 0.042874
-0.104474 0.234136 0.035753
-0.068348 0.274055 0.043576
0.171369 0.233872 0.045977
-0.001416 0.239810 0.031203
0.151868 0.302202 0.063158
0.218000 0.236512 0.056928
0.323235 0.233311 0.089011
-0.304014 0.299327 0.102744
-0.039695 0.373625 0.078615
0.071758 0.316553 0.058004
0.130913 0.342174 0.074577
0.145572 0.390455 0.097741
0.224095 0.347463 0.096136
0.284080 0.370204 0.124437
FRAME 43 25
-0.274386 -0.310299 0.096507
-0.032523 -0.260184 0.037429
0.017768 -0.273664 0.041023
-0.232475 -0.114665 0.036562
-0.118019 -0.167962 0.022759
0.016196 -0.180911 0.017770
0.159642 -0.178314 0.031076
0.093517 -0.166938 0.019742
0.054537 -0.158403 0.015095
0.201975 -0.117424 0.029588
0.019245 -0.080239 0.003640
0.061710 -0.019220 0.002231
0.348329 -0.086994 0.071499
-0.190884 0.008382 0.019684
0.151925 0.079587 0.015827
0.113052 0.087964 0.011012
0.021137 0.161879 0.014329
0.114505 0.178099 0.024231
0.192048 0.160802 0.034093
-0.278740 0.199966 0.065043
-0.061493 0.250337 0.036150
-0.175139 0.272891 0.057884
0.015782 0.264443 0.038221
0.004365 0.269624 0.039634
-0.241108 0.332945 0.094969
FRAME 44 29
0.078959 -0.369605 0.079666
-0.110512 -0.174244 0.023017
0.158992 -0.137785 0.023942
0.264336 -0.143079 0.049555
-0.312069 -0.029870 0.054040
0.194131 -0.028181 0.020779
0.221461 -0.035788 0.027271
0.246871 -0.030867 0.033658
0.267386 -0.001119 0.038990
-0.267068 0.042339 0.039894
-0.123583 0.054842 0.009813
0.069554 0.064452 0.004814
0.258125 0.048705 0.037601
-0.255485 0.121815 0.043804
-0.211130 0.181507 0.042353
-0.140377 0.129538 0.019690
0.317081 0.137797 0.066165
0.287124 0.157753 0.059182
0.232255 0.173100 0.045932
-0.365374 0.193666 0.096263
-0.249491 0.213756 0.059530
-0.266753 0.275709 0.082197
0.071952 0.285420 0.047469
-0.016599 0.308036 0.052275
-0.189777 0.315408 0.075390
0.145336 0.312495 0.065733
0.102665 0.369639 0.082197
0.275936 0.311622 0.097600
0.293585 0.341289 0.115327
FRAME 45 26
-0.177184 -0.372627 0.095641
-0.126629 -0.314904 0.063572
0.057923 -0.345658 0.067950
0.012952 -0.297367 0.048487
0.136603 -0.268295 0.049639
-0.252941 -0.164116 0.049791
-0.109090 -0.181600 0.024240
-0.097574 -0.158543 0.018663
-0.194096 -0.108081 0.026693
-0.182540 -0.084935 0.021866
0.181110 -0.055930 0.019355
-0.279789 0.029068 0.043180
-0.367928 0.081414 0.079036
-0.065227 0.094818 0.007088
0.095908 0.013459 0.005014
0.148110 0.019432 0.011973
0.178104 0.191673 0.037238
0.161924 0.199395 0.035861
0.239052 0.131862 0.040616
0.194118 0.183872 0.038922
-0.257799 0.202973 0.059270
-0.082775 0.230014 0.032420
0.104783 0.291959 0.052784
-0.127579 0.353945 0.078777
0.140381 0.373632 0.089173
0.293041 0.366033 0.125627
FRAME 46 23
-0.060480 -0.123610 0.010154
-0.200881 -0.072389 0.024638
-0.028355 -0.102505 0.006052
-0.084316 -0.093220 0.008464
-0.024203 -0.076528 0.003442
0.047685 -0.061106 0.003209
0.321586 -0.018826 0.057078
0.224508 -0.006403 0.027299
-0.204576 0.008630 0.022632
-0.020206 0.084520 0.004036
-0.048279 0.089128 0.005495
0.043669 0.019895 0.001229
0.172416 0.163920 0.030685
0.160239 0.193351 0.034255
0.081254 0.205040 0.026310
0.309034 0.145659 0.064460
-0.014877 0.248110 0.033547
0.013133 0.243576 0.032287
0.039634 0.294933 0.048479
-0.355937 0.285938 0.118675
-0.088551 0.316901 0.059634
0.155732 0.361100 0.086457
0.166504 0.387710 0.100314
FRAME 47 31
-0.191515 -0.224750 0.047736
0.044800 -0.272468 0.041604
0.174776 -0.265742 0.055628
0.260096 -0.201463 0.059648
0.230590 -0.194209 0.049818
0.336970 -0.136531 0.073405
0.335407 -0.124297 0.070953
0.333723 -0.111921 0.068618
0.332022 -0.099433 0.066449
-0.278020 -0.042003 0.043177
-0.092195 -0.075908 0.007641
-0.057516 -0.059058 0.003633
-0.142110 -0.042774 0.011826
0.120429 -0.073125 0.010652
0.016835 -0.062438 0.002234
0.143389 -0.030808 0.011548
0.215748 -0.082942 0.028953
0.299237 -0.067598 0.051636
0.241924 -0.065494 0.034138
0.269803 -0.060399 0.041714
-0.227093 0.066489 0.030366
0.336515 0.017616 0.062682
0.277709 0.032020 0.042667
0.290436 0.087243 0.050424
-0.088503 0.134046 0.013869
0.247537 0.132275 0.043016
0.304895 0.130184 0.060601
0.206055 0.164726 0.037898
-0.200503 0.257411 0.058637
-0.089021 0.339378 0.068160
-0.036611 0.374309 0.078781
FRAME 48 20
0.023681 -0.357276 0.071142
0.007389 -0.323228 0.057571
0.073405 -0.290229 0.049131
0.020312 -0.267566 0.039261
0.277279 -0.260404 0.080720
0.291286 -0.218662 0.073719
-0.189414 -0.171385 0.035505
-0.021576 -0.079867 0.003661
-0.125904 -0.014352 0.008612
-0.052129 0.008535 0.001491
0.294600 0.101044 0.053297
-0.022385 0.160628 0.014148
-0.096160 0.185260 0.023554
0.014736 0.123872 0.008344
0.029815 0.151665 0.012842
0.142461 0.158360 0.024543
0.271551 0.131216 0.049884
0.210634 0.163728 0.038798
-0.043419 0.258913 0.037544
0.260712 0.370025 0.116638
FRAME 49 33
-0.342116 -0.329211 0.129223
-0.126016 -0.339650 0.072880
-0.175958 -0.228595 0.045520
0.142507 -0.228435 0.039523
0.130983 -0.224705 0.036829
0.119312 -0.220479 0.034165
0.107636 -0.215776 0.031564
0.092775 -0.117697 0.012065
0.210225 -0.191163 0.044130
0.308578 -0.169387 0.068649
0.220986 -0.164272 0.041380
0.219350 -0.132454 0.035724
-0.331227 -0.075567 0.063772
-0.132294 -0.053921 0.010957
0.323127 -0.024163 0.057821
0.245936 -0.022759 0.033144
-0.295446 0.092669 0.052649
-0.199198 0.075807 0.024567
0.101539 0.056123 0.007211
0.170245 0.062212 0.017702
0.274779 0.024157 0.041529
-0.267941 0.171104 0.055591
-0.310555 0.177454 0.070968
-0.010299 0.171445 0.015879
0.085469 0.172035 0.019906
-0.292799 0.228333 0.076723
-0.248539 0.274289 0.076222
0.139583 0.263025 0.048581
0.027156 0.294714 0.047978
-0.219720 0.321367 0.084716
-0.298366 0.358268 0.124257
-0.043696 0.337795 0.064112
0.090996 0.329189 0.064474
FRAME 50 27
-0.094675 -0.378113 0.084898
0.123889 -0.351748 0.077388
0.216796 -0.328971 0.086829
-0.234882 -0.213625 0.055415
0.089449 -0.257892 0.040630
-0.291680 -0.189762 0.066991
-0.246661 -0.158085 0.046967
-0.042895 -0.196540 0.021843
0.047520 -0.187319 0.020140
0.078869 -0.168653 0.018679
-0.198197 -0.078622 0.024576
-0.100447 -0.046185 0.006543
-0.062562 -0.037929 0.002860
0.101983 -0.046261 0.006714
0.027870 -0.028974 0.000863
0.307224 -0.086719 0.056040
0.340910 -0.053864 0.065862
0.009331 0.109473 0.006462
0.062012 0.110241 0.008574
-0.075251 0.162093 0.017195
-0.081727 0.172909 0.019720
-0.169702 0.177555 0.032754
-0.087896 0.183303 0.022312
0.169913 0.125656 0.024136
0.008742 0.181851 0.017853
-0.029396 0.245962 0.033328
-0.153097 0.328424 0.072880
FRAME 51 26
0.055546 -0.367255 0.076804
-0.124972 -0.285700 0.053440
-0.184859 -0.268308 0.058505
0.155134 -0.225015 0.040767
0.290168 -0.266350 0.086853
-0.179103 -0.207556 0.041023
-0.180223 -0.172478 0.033834
0.116767 -0.183619 0.025630
0.070218 -0.114959 0.009738
0.180253 -0.063893 0.019734
0.008307 -0.027106 0.000429
0.052735 -0.025538 0.001835
0.044438 0.001528 0.001056
0.208659 -0.025483 0.023896
-0.311244 0.001556 0.053232
-0.111985 0.025484 0.007069
-0.024070 0.063847 0.002489
-0.083989 0.081356 0.007328
-0.233293 0.119583 0.037439
-0.240921 0.129224 0.040791
-0.122826 0.146832 0.019773
0.069954 0.151685 0.015017
-0.140320 0.242556 0.042904
0.185149 0.293839 0.066778
0.117018 0.338557 0.071211
0.168247 0.372095 0.093719
FRAME 52 15
-0.239560 -0.349906 0.101484
0.364441 -0.231423 0.105415
-0.055589 -0.186555 0.020450
0.058228 -0.149702 0.013875
-0.204428 -0.027603 0.022996
-0.131458 -0.108904 0.015686
-0.089590 -0.053686 0.005841
0.208385 -0.057150 0.025263
-0.285906 0.050711 0.046142
0.034261 0.020880 0.000860
-0.098566 0.290151 0.051542
-0.320081 0.319830 0.116538
-0.015053 0.375415 0.078652
0.019697 0.364942 0.074240
0.176285 0.369165 0.094056
FRAME 53 29
-0.299171 -0.213949 0.075288
-0.131631 -0.291132 0.056219
-0.315139 -0.153155 0.068053
-0.055916 -0.147448 0.013379
0.359186 -0.174886 0.089535
0.350059 -0.123580 0.076763
-0.321985 -0.016447 0.057276
0.044189 -0.038407 0.001833
0.296757 -0.008908 0.048331
-0.338262 0.019664 0.063479
-0.361049 0.065257 0.074904
-0.319678 0.068829 0.058977
-0.284874 0.081878 0.048170
0.228082 0.039290 0.029064
0.261670 0.105181 0.043495
-0.228330 0.126877 0.037186
-0.314206 0.136916 0.065007
-0.206552 0.158893 0.037007
-0.107862 0.105271 0.012214
-0.183794 0.113268 0.025238
-0.077484 0.188208 0.022396
0.170994 0.121440 0.023799
0.026437 0.177797 0.017421
0.051258 0.192467 0.021436
0.251856 0.131893 0.044220
0.216318 0.221300 0.052636
0.351829 0.279901 0.115039
-0.175137 0.355281 0.087941
0.335752 0.316032 0.121445
FRAME 54 32
-0.019114 -0.365174 0.074261
0.176440 -0.377486 0.097697
0.121836 -0.368409 0.084079
0.027568 -0.326431 0.059102
0.315208 -0.312302 0.111664
-0.235433 -0.287758 0.076881
-0.163269 -0.257434 0.050950
0.148183 -0.212548 0.036519
0.328801 -0.252109 0.096532
0.205488 -0.209406 0.047093
-0.315439 -0.189670 0.075281
-0.176591 -0.152774 0.029547
0.367501 -0.168582 0.091675
-0.229664 -0.099471 0.034027
-0.359454 -0.019709 0.071877
-0.264214 -0.009859 0.038058
-0.071498 -0.062628 0.004831
-0.018007 -0.035865 0.000859
0.062524 -0.053603 0.003625
0.167949 -0.047896 0.016412
0.183244 -0.024206 0.018403
-0.141695 0.035466 0.011449
-0.166776 0.124598 0.023408
-0.098242 0.175297 0.021791
-0.047497 0.190582 0.020807
0.075996 0.119262 0.010728
0.148658 0.145950 0.023441
0.083611 0.187527 0.022761
0.235769 0.228519 0.059382
0.347307 0.254544 0.104746
-0.251980 0.308178 0.088719
0.164760 0.359155 0.087348
FRAME 55 17
0.267753 -0.319381 0.097649
0.231123 -0.315126 0.085264
-0.009007 -0.237354 0.030565
0.039241 -0.298528 0.049627
0.140025 -0.222651 0.037623
0.206878 -0.204248 0.046178
0.253303 -0.200798 0.057440
0.365515 -0.112794 0.081522
0.113088 0.020456 0.007065
-0.115560 0.113796 0.014124
-0.090818 0.166582 0.019384
0.078548 0.196140 0.024100
-0.081784 0.241727 0.035372
-0.087323 0.271786 0.044485
0.071903 0.294106 0.050196
-0.149980 0.361956 0.085724
-0.175777 0.377011 0.097256
FRAME 56 25
-0.060385 -0.359413 0.073679
0.181037 -0.328089 0.078082
-0.184233 -0.261240 0.056139
0.186312 -0.278748 0.061954
-0.124665 -0.204352 0.031051
0.254373 -0.107310 0.041540
-0.248537 -0.078812 0.036957
-0.165828 -0.061612 0.016829
-0.164855 -0.049053 0.015901
-0.163663 -0.036464 0.015105
0.177466 -0.089605 0.021305
0.178609 -0.077051 0.020387
0.258317 -0.056847 0.038055
-0.266516 0.037441 0.039430
-0.048295 0.067909 0.003708
0.133444 0.015135 0.009662
0.007361 0.101773 0.005565
0.290975 0.030313 0.046777
-0.233904 0.110907 0.036419
-0.178581 0.131301 0.026560
0.299274 0.158265 0.063210
-0.116746 0.267924 0.046680
-0.194254 0.340617 0.085870
0.152168 0.337021 0.075946
0.306490 0.300594 0.103977
FRAME 57 24
-0.289646 -0.325748 0.107563
-0.245800 -0.306300 0.086274
-0.104729 -0.325304 0.064543
0.169842 -0.234532 0.045866
0.141812 -0.221606 0.037694
0.336643 -0.277772 0.107852
-0.129132 -0.191994 0.029017
0.037695 -0.132602 0.010196
-0.213680 -0.053210 0.026242
-0.336329 -0.050665 0.063909
-0.270176 -0.050259 0.041204
-0.075111 -0.103583 0.008777
-0.055095 -0.031405 0.002149
-0.330616 0.078160 0.063756
0.056046 0.096852 0.006706
0.167169 0.102713 0.020772
0.018499 0.106445 0.006249
-0.135504 0.147598 0.021673
0.064044 0.134513 0.011919
0.218499 0.136695 0.036143
-0.089071 0.241208 0.035970
-0.013182 0.287900 0.045423
0.186747 0.317776 0.075539
0.206175 0.367355 0.100033
FRAME 58 29
0.074095 -0.375743 0.081830
-0.193172 -0.301774 0.071204
-0.226608 -0.272382 0.069566
0.001567 -0.281551 0.043297
0.157289 -0.279814 0.056690
0.133261 -0.229723 0.038420
0.145520 -0.226632 0.039537
0.157692 -0.223514 0.040812
0.294612 -0.263580 0.087460
-0.192364 -0.188848 0.039609
-0.234941 -0.124280 0.038482
0.061752 -0.201038 0.023904
-0.121316 -0.096177 0.012877
0.187687 -0.075138 0.022067
0.103797 -0.049163 0.007065
-0.221833 0.086492 0.030752
-0.160954 0.007008 0.013952
-0.009102 0.035454 0.000715
-0.077947 0.046567 0.004409
0.171050 0.043297 0.016761
-0.005903 0.073993 0.002944
0.046201 0.125062 0.009532
0.058471 0.128238 0.010659
0.004994 0.180864 0.017633
0.078331 0.199369 0.024810
0.337438 0.190347 0.083834
0.009559 0.305267 0.051166
-0.010382 0.328888 0.059670
0.014069 0.335092 0.062072
FRAME 59 21
-0.138179 -0.283013 0.054514
0.190649 -0.282585 0.064206
0.096704 -0.284682 0.049546
-0.152207 -0.200052 0.034347
0.174028 -0.170261 0.032182
-0.369108 -0.029048 0.076252
-0.172480 -0.063237 0.018185
-0.077711 -0.056137 0.004917
-0.002345 -0.029103 0.000455
0.149133 -0.091779 0.016508
0.178197 -0.053662 0.018667
0.180627 -0.024603 0.017904
0.218538 -0.069423 0.028489
0.243792 0.051246 0.033723
-0.140257 0.144629 0.021915
-0.056374 0.147236 0.013359
-0.168277 0.189080 0.034835
0.155587 0.189712 0.032692
0.104438 0.200870 0.027762
0.060489 0.240966 0.033536
0.266988 0.356070 0.112437
